	voltage	current	abs_current	resistance	voltage_ps	current_ps	voltage_ng	current_ng	log_Resistance	abs_Current_ps	abs_Current_ng	current_Density_ps	current_Density_ng	electric_field_ps	electric_field_ng	inverse_resistance_ps	inverse_resistance_ng	sqrt_Voltage_ps	sqrt_Voltage_ng	classification
0	0.0	-2.515e-11	2.515e-11	-0.0	0.0	-2.515e-11	0.0	2.515e-11	0.0	2.515e-11	2.515e-11	0.0	0.0	0.0	0.0	0.0	0.0	0.0	0.0	Memristive
1	0.05	1.098e-10	1.098e-10	455373406.19307834	0.05	1.098e-10	0.0	0.0	19.936628313299128	1.098e-10	0.0	0.01098	0.0	500000.00000000006	0.0	2.196e-09	0.0	0.22360679774997896	0.0	Memristive
2	0.1	-1.621e-11	1.621e-11	-6169031462.060456	0.1	-1.621e-11	0.0	0.0	22.54280768718692	1.621e-11	0.0	-0.0016210000000000003	0.0	1000000.0000000001	0.0	-1.6210000000000001e-10	0.0	0.31622776601683794	0.0	Memristive
3	0.15	-2.905e-10	2.905e-10	-516351118.7607573	0.15	-2.905e-10	0.0	0.0	20.0622975547507	2.905e-10	0.0	-0.029049999999999996	0.0	1500000.0	0.0	-1.936666666666667e-09	0.0	0.3872983346207417	0.0	Memristive
4	0.2	1.182e-11	1.182e-11	16920473773.265654	0.2	1.182e-11	0.0	0.0	23.551790191516496	1.182e-11	0.0	0.0011819999999999997	0.0	2000000.0000000002	0.0	5.91e-11	0.0	0.4472135954999579	0.0	Memristive
5	0.25	5.718e-11	5.718e-11	4372158097.236795	0.25	5.718e-11	0.0	0.0	22.19852256791449	5.718e-11	0.0	0.005718	0.0	2500000.0	0.0	2.2872e-10	0.0	0.5	0.0	Memristive
6	0.3	2.612e-10	2.612e-10	1148545176.1102602	0.3	2.612e-10	0.0	0.0	20.861761914200336	2.612e-10	0.0	0.02612	0.0	3000000.0	0.0	8.706666666666667e-10	0.0	0.5477225575051661	0.0	Memristive
7	0.35	4.578e-11	4.578e-11	7645259938.837919	0.35	4.578e-11	0.0	0.0	22.75735167690545	4.578e-11	0.0	0.0045780000000000005	0.0	3500000.0	0.0	1.308e-10	0.0	0.5916079783099616	0.0	Memristive
8	0.4	-2.06e-10	2.06e-10	-1941747572.8155339	0.4	-2.06e-10	0.0	0.0	21.386854215264812	2.06e-10	0.0	-0.0206	0.0	4000000.0000000005	0.0	-5.15e-10	0.0	0.6324555320336759	0.0	Memristive
9	0.45	1.651e-10	1.651e-10	2725620835.857056	0.45	1.651e-10	0.0	0.0	21.725962068784693	1.651e-10	0.0	0.01651	0.0	4500000.0	0.0	3.668888888888889e-10	0.0	0.6708203932499369	0.0	Memristive
10	0.5	4.547e-10	4.547e-10	1099626127.1167803	0.5	4.547e-10	0.0	0.0	20.818236074537637	4.547e-10	0.0	0.04546999999999999	0.0	5000000.0	0.0	9.094e-10	0.0	0.7071067811865476	0.0	Memristive
11	0.5	1.834e-10	1.834e-10	2726281352.2355504	0.5	1.834e-10	0.0	0.0	21.72620437554624	1.834e-10	0.0	0.018340000000000002	0.0	5000000.0	0.0	3.668e-10	0.0	0.7071067811865476	0.0	Memristive
12	0.45	1.127e-10	1.127e-10	3992901508.429459	0.45	1.127e-10	0.0	0.0	22.107783998665045	1.127e-10	0.0	0.011269999999999997	0.0	4500000.0	0.0	2.504444444444444e-10	0.0	0.6708203932499369	0.0	Memristive
13	0.4	-2.124e-10	2.124e-10	-1883239171.3747647	0.4	-2.124e-10	0.0	0.0	21.35625909468661	2.124e-10	0.0	-0.02124	0.0	4000000.0000000005	0.0	-5.31e-10	0.0	0.6324555320336759	0.0	Memristive
14	0.35	6.825e-11	6.825e-11	5128205128.205128	0.35	6.825e-11	0.0	0.0	22.3580215573648	6.825e-11	0.0	0.006825	0.0	3500000.0	0.0	1.95e-10	0.0	0.5916079783099616	0.0	Memristive
15	0.3	2.038e-10	2.038e-10	1472031403.3366044	0.3	2.038e-10	0.0	0.0	21.109909190813987	2.038e-10	0.0	0.02038	0.0	3000000.0	0.0	6.793333333333334e-10	0.0	0.5477225575051661	0.0	Memristive
16	0.25	1.444e-10	1.444e-10	1731301939.058172	0.25	1.444e-10	0.0	0.0	21.272139528349932	1.444e-10	0.0	0.014439999999999998	0.0	2500000.0	0.0	5.776e-10	0.0	0.5	0.0	Memristive
17	0.2	-8.855e-12	8.855e-12	-22586109542.631283	0.2	-8.855e-12	0.0	0.0	23.84060093225965	8.855e-12	0.0	-0.0008855	0.0	2000000.0000000002	0.0	-4.4275e-11	0.0	0.4472135954999579	0.0	Memristive
18	0.15	3.538e-11	3.538e-11	4239683436.97004	0.15	3.538e-11	0.0	0.0	22.16775444231103	3.538e-11	0.0	0.0035379999999999995	0.0	1500000.0	0.0	2.358666666666667e-10	0.0	0.3872983346207417	0.0	Memristive
19	0.1	2.4e-10	2.4e-10	416666666.6666667	0.1	2.4e-10	0.0	0.0	19.847797099592512	2.4e-10	0.0	0.024	0.0	1000000.0000000001	0.0	2.4e-09	0.0	0.31622776601683794	0.0	Memristive
20	0.05	2.31e-11	2.31e-11	2164502164.502165	0.05	2.31e-11	0.0	0.0	21.49545622484681	2.31e-11	0.0	0.0023099999999999996	0.0	500000.00000000006	0.0	4.6199999999999996e-10	0.0	0.22360679774997896	0.0	Memristive
21	0.0	-3.016e-11	3.016e-11	-0.0	0.0	-3.016e-11	0.0	3.016e-11	0.0	3.016e-11	3.016e-11	0.0	0.0	0.0	0.0	0.0	0.0	0.0	0.0	Memristive
22	-0.05	-3.074e-10	3.074e-10	162654521.79570594	0.0	0.0	0.05	3.074e-10	18.90713901127006	0.0	3.074e-10	0.0	0.03074	0.0	500000.00000000006	0.0	6.148e-09	0.0	0.22360679774997896	Memristive
23	-0.1	-8.814e-12	8.814e-12	11345586566.825504	0.0	0.0	0.1	8.814e-12	23.152094656514706	0.0	8.814e-12	0.0	0.0008814000000000001	0.0	1000000.0000000001	0.0	8.813999999999999e-11	0.0	0.31622776601683794	Memristive
24	-0.15	2.942e-10	2.942e-10	-509857239.97280765	0.0	0.0	0.15	2.942e-10	20.04964132287533	0.0	2.942e-10	0.0	0.029419999999999995	0.0	1500000.0	0.0	1.961333333333333e-09	0.0	0.3872983346207417	Memristive
25	-0.2	5.095e-12	5.095e-12	-39254170755.642784	0.0	0.0	0.2	5.095e-12	24.39332353681976	0.0	5.095e-12	0.0	0.0005095	0.0	2000000.0000000002	0.0	2.5475e-11	0.0	0.4472135954999579	Memristive
26	-0.25	-2.37e-10	2.37e-10	1054852320.6751055	0.0	0.0	0.25	2.37e-10	20.776666613673527	0.0	2.37e-10	0.0	0.0237	0.0	2500000.0	0.0	9.48e-10	0.0	0.5	Memristive
27	-0.3	-7.072e-11	7.072e-11	4242081447.9638004	0.0	0.0	0.3	7.072e-11	22.168319893273225	0.0	7.072e-11	0.0	0.007072	0.0	3000000.0	0.0	2.3573333333333337e-10	0.0	0.5477225575051661	Memristive
28	-0.35	-2.548e-12	2.548e-12	137362637362.63734	0.0	0.0	0.35	2.548e-12	25.645890253719955	0.0	2.548e-12	0.0	0.0002548	0.0	3500000.0	0.0	7.280000000000001e-12	0.0	0.5916079783099616	Memristive
29	-0.4	2.909e-10	2.909e-10	-1375042970.0928154	0.0	0.0	0.4	2.909e-10	21.041750818553236	0.0	2.909e-10	0.0	0.02909	0.0	4000000.0000000005	0.0	7.272499999999999e-10	0.0	0.6324555320336759	Memristive
30	-0.45	-3.676e-11	3.676e-11	12241566920.565834	0.0	0.0	0.45	3.676e-11	23.228103122223292	0.0	3.676e-11	0.0	0.003675999999999999	0.0	4500000.0	0.0	8.168888888888888e-11	0.0	0.6708203932499369	Memristive
31	-0.5	-3.398e-10	3.398e-10	1471453796.3507946	0.0	0.0	0.5	3.398e-10	21.10951672613077	0.0	3.398e-10	0.0	0.03398	0.0	5000000.0	0.0	6.796e-10	0.0	0.7071067811865476	Memristive
32	-0.5	-5.468e-11	5.468e-11	9144111192.3921	0.0	0.0	0.5	5.468e-11	22.936375923512855	0.0	5.468e-11	0.0	0.005467999999999999	0.0	5000000.0	0.0	1.0936e-10	0.0	0.7071067811865476	Memristive
33	-0.45	-2.339e-12	2.339e-12	192389910218.0419	0.0	0.0	0.45	2.339e-12	25.982789932108734	0.0	2.339e-12	0.0	0.0002339	0.0	4500000.0	0.0	5.197777777777778e-12	0.0	0.6708203932499369	Memristive
34	-0.4	2.11e-10	2.11e-10	-1895734597.1563983	0.0	0.0	0.4	2.11e-10	21.362872250578327	0.0	2.11e-10	0.0	0.021099999999999997	0.0	4000000.0000000005	0.0	5.275e-10	0.0	0.6324555320336759	Memristive
35	-0.35	-3.003e-11	3.003e-11	11655011655.011654	0.0	0.0	0.35	3.003e-11	23.17900210943463	0.0	3.003e-11	0.0	0.003003	0.0	3500000.0	0.0	8.58e-11	0.0	0.5916079783099616	Memristive
36	-0.3	-3.305e-10	3.305e-10	907715582.450832	0.0	0.0	0.3	3.305e-10	20.62644165231087	0.0	3.305e-10	0.0	0.033049999999999996	0.0	3000000.0	0.0	1.1016666666666667e-09	0.0	0.5477225575051661	Memristive
37	-0.25	-1.087e-10	1.087e-10	2299908003.679853	0.0	0.0	0.25	1.087e-10	21.556134960681494	0.0	1.087e-10	0.0	0.01087	0.0	2500000.0	0.0	4.348e-10	0.0	0.5	Memristive
38	-0.2	2.865e-11	2.865e-11	-6980802792.321117	0.0	0.0	0.2	2.865e-11	22.6664297603337	0.0	2.865e-11	0.0	0.0028650000000000004	0.0	2000000.0000000002	0.0	1.4325e-10	0.0	0.4472135954999579	Memristive
39	-0.15	2.19e-10	2.19e-10	-684931506.849315	0.0	0.0	0.15	2.19e-10	20.344829401226168	0.0	2.19e-10	0.0	0.0219	0.0	1500000.0	0.0	1.46e-09	0.0	0.3872983346207417	Memristive
40	-0.1	-1.654e-11	1.654e-11	6045949214.026603	0.0	0.0	0.1	1.654e-11	22.522654333338956	0.0	1.654e-11	0.0	0.0016539999999999999	0.0	1000000.0000000001	0.0	1.6539999999999997e-10	0.0	0.31622776601683794	Memristive
41	-0.05	-1.211e-11	1.211e-11	4128819157.720892	0.0	0.0	0.05	1.211e-11	22.141257284809555	0.0	1.211e-11	0.0	0.001211	0.0	500000.00000000006	0.0	2.422e-10	0.0	0.22360679774997896	Memristive
42	-0.0	2.226e-11	2.226e-11	-0.0	-0.0	2.226e-11	0.0	2.226e-11	0.0	2.226e-11	2.226e-11	0.0	0.0	0.0	0.0	0.0	0.0	0.0	0.0	Memristive
43	0.0	-2.92e-11	2.92e-11	-0.0	0.0	-2.92e-11	0.0	2.92e-11	0.0	2.92e-11	2.92e-11	0.0	0.0	0.0	0.0	0.0	0.0	0.0	0.0	Memristive
44	0.05	2.163e-11	2.163e-11	2311604253.351826	0.05	2.163e-11	0.0	0.0	21.56120760240959	2.163e-11	0.0	0.0021630000000000004	0.0	500000.00000000006	0.0	4.326e-10	0.0	0.22360679774997896	0.0	Memristive
45	0.1	-3.329e-11	3.329e-11	-3003905076.5995793	0.1	-3.329e-11	0.0	0.0	21.82317897134757	3.329e-11	0.0	-0.0033290000000000004	0.0	1000000.0000000001	0.0	-3.329e-10	0.0	0.31622776601683794	0.0	Memristive
46	0.15	-2.799e-10	2.799e-10	-535905680.60021436	0.15	-2.799e-10	0.0	0.0	20.09946873452126	2.799e-10	0.0	-0.027989999999999994	0.0	1500000.0	0.0	-1.866e-09	0.0	0.3872983346207417	0.0	Memristive
47	0.2	-7.494e-11	7.494e-11	-2668801708.0330935	0.2	-7.494e-11	0.0	0.0	21.704895410128906	7.494e-11	0.0	-0.007494	0.0	2000000.0000000002	0.0	-3.747e-10	0.0	0.4472135954999579	0.0	Memristive
48	0.25	5.392e-11	5.392e-11	4636498516.320475	0.25	5.392e-11	0.0	0.0	22.257225288204605	5.392e-11	0.0	0.005391999999999999	0.0	2500000.0	0.0	2.1568e-10	0.0	0.5	0.0	Memristive
49	0.3	6.741e-11	6.741e-11	4450378282.153983	0.3	6.741e-11	0.0	0.0	22.216254936737265	6.741e-11	0.0	0.006741	0.0	3000000.0	0.0	2.247e-10	0.0	0.5477225575051661	0.0	Memristive
50	0.35	5.768e-11	5.768e-11	6067961165.048543	0.35	5.768e-11	0.0	0.0	22.526288498453177	5.768e-11	0.0	0.0057680000000000006	0.0	3500000.0	0.0	1.6480000000000002e-10	0.0	0.5916079783099616	0.0	Memristive
51	0.4	-1.979e-10	1.979e-10	-2021222839.81809	0.4	-1.979e-10	0.0	0.0	21.426968531445873	1.979e-10	0.0	-0.01979	0.0	4000000.0000000005	0.0	-4.9475e-10	0.0	0.6324555320336759	0.0	Memristive
52	0.45	4.02e-10	4.02e-10	1119402985.074627	0.45	4.02e-10	0.0	0.0	20.836061331091756	4.02e-10	0.0	0.04019999999999999	0.0	4500000.0	0.0	8.933333333333334e-10	0.0	0.6708203932499369	0.0	Memristive
53	0.5	2.097e-10	2.097e-10	2384358607.534573	0.5	2.097e-10	0.0	0.0	21.592195997460728	2.097e-10	0.0	0.020970000000000003	0.0	5000000.0	0.0	4.194e-10	0.0	0.7071067811865476	0.0	Memristive
54	0.5	1.418e-10	1.418e-10	3526093088.857546	0.5	1.418e-10	0.0	0.0	21.983456321270577	1.418e-10	0.0	0.014179999999999998	0.0	5000000.0	0.0	2.836e-10	0.0	0.7071067811865476	0.0	Memristive
55	0.45	-1.14e-10	1.14e-10	-3947368421.052632	0.45	-1.14e-10	0.0	0.0	22.096314971316282	1.14e-10	0.0	-0.011399999999999999	0.0	4500000.0	0.0	-2.5333333333333334e-10	0.0	0.6708203932499369	0.0	Memristive
56	0.4	-9.102e-11	9.102e-11	-4394638540.980004	0.4	-9.102e-11	0.0	0.0	22.203651121465896	9.102e-11	0.0	-0.009102	0.0	4000000.0000000005	0.0	-2.2754999999999998e-10	0.0	0.6324555320336759	0.0	Memristive
57	0.35	9.347e-11	9.347e-11	3744516957.312506	0.35	9.347e-11	0.0	0.0	22.043558462235378	9.347e-11	0.0	0.009347000000000001	0.0	3500000.0	0.0	2.670571428571429e-10	0.0	0.5916079783099616	0.0	Memristive
58	0.3	3.541e-10	3.541e-10	847218299.9152782	0.3	3.541e-10	0.0	0.0	20.557468952484754	3.541e-10	0.0	0.03541	0.0	3000000.0	0.0	1.1803333333333333e-09	0.0	0.5477225575051661	0.0	Memristive
59	0.25	1.262e-10	1.262e-10	1980982567.3534074	0.25	1.262e-10	0.0	0.0	21.406858804701546	1.262e-10	0.0	0.012619999999999998	0.0	2500000.0	0.0	5.048e-10	0.0	0.5	0.0	Memristive
60	0.2	-3.008e-12	3.008e-12	-66489361702.12766	0.2	-3.008e-12	0.0	0.0	24.920307797406853	3.008e-12	0.0	-0.0003008	0.0	2000000.0000000002	0.0	-1.504e-11	0.0	0.4472135954999579	0.0	Memristive
61	0.15	-5.485e-11	5.485e-11	-2734731084.7766633	0.15	-5.485e-11	0.0	0.0	21.729298944321428	5.485e-11	0.0	-0.005485	0.0	1500000.0	0.0	-3.656666666666667e-10	0.0	0.3872983346207417	0.0	Memristive
62	0.1	5.024e-11	5.024e-11	1990445859.8726115	0.1	5.024e-11	0.0	0.0	21.411624500774558	5.024e-11	0.0	0.005024	0.0	1000000.0000000001	0.0	5.023999999999999e-10	0.0	0.31622776601683794	0.0	Memristive
63	0.05	3.174e-10	3.174e-10	157529930.6868305	0.05	3.174e-10	0.0	0.0	18.87512603428225	3.174e-10	0.0	0.031740000000000004	0.0	500000.00000000006	0.0	6.348e-09	0.0	0.22360679774997896	0.0	Memristive
64	0.0	7.643e-12	7.643e-12	0.0	0.0	7.643e-12	0.0	7.643e-12	0.0	7.643e-12	7.643e-12	0.0	0.0	0.0	0.0	0.0	0.0	0.0	0.0	Memristive
65	-0.05	-3.642e-11	3.642e-11	1372872048.3250961	0.0	0.0	0.05	3.642e-11	21.040170768075097	0.0	3.642e-11	0.0	0.003642	0.0	500000.00000000006	0.0	7.284e-10	0.0	0.22360679774997896	Memristive
66	-0.1	-3.124e-10	3.124e-10	320102432.7784892	0.0	0.0	0.1	3.124e-10	19.584151604968973	0.0	3.124e-10	0.0	0.031239999999999997	0.0	1000000.0000000001	0.0	3.1239999999999996e-09	0.0	0.31622776601683794	Memristive
67	-0.15	-6.266e-11	6.266e-11	2393871688.477497	0.0	0.0	0.15	6.266e-11	21.59617784551862	0.0	6.266e-11	0.0	0.006266	0.0	1500000.0	0.0	4.177333333333334e-10	0.0	0.3872983346207417	Memristive
68	-0.2	3.4e-11	3.4e-11	-5882352941.176471	0.0	0.0	0.2	3.4e-11	22.495222678878285	0.0	3.4e-11	0.0	0.0034	0.0	2000000.0000000002	0.0	1.6999999999999998e-10	0.0	0.4472135954999579	Memristive
69	-0.25	2.959e-10	2.959e-10	-844880027.036161	0.0	0.0	0.25	2.959e-10	20.554705195402494	0.0	2.959e-10	0.0	0.029589999999999998	0.0	2500000.0	0.0	1.1836e-09	0.0	0.5	Memristive
70	-0.3	-8.488e-11	8.488e-11	3534401508.01131	0.0	0.0	0.3	8.488e-11	21.985809817296886	0.0	8.488e-11	0.0	0.008487999999999999	0.0	3000000.0	0.0	2.829333333333333e-10	0.0	0.5477225575051661	Memristive
71	-0.35	-2.374e-10	2.374e-10	1474304970.5139008	0.0	0.0	0.35	2.374e-10	21.111452509254303	0.0	2.374e-10	0.0	0.023739999999999997	0.0	3500000.0	0.0	6.782857142857142e-10	0.0	0.5916079783099616	Memristive
72	-0.4	-3.329e-11	3.329e-11	12015620306.398317	0.0	0.0	0.4	3.329e-11	23.20947333246746	0.0	3.329e-11	0.0	0.0033290000000000004	0.0	4000000.0000000005	0.0	8.3225e-11	0.0	0.6324555320336759	Memristive
73	-0.45	2.673e-12	2.673e-12	-168350168350.16837	0.0	0.0	0.45	2.673e-12	25.849311982553996	0.0	2.673e-12	0.0	0.0002673	0.0	4500000.0	0.0	5.94e-12	0.0	0.6708203932499369	Memristive
74	-0.5	2.031e-10	2.031e-10	-2461841457.410143	0.0	0.0	0.5	2.031e-10	21.624175466782265	0.0	2.031e-10	0.0	0.020309999999999998	0.0	5000000.0	0.0	4.062e-10	0.0	0.7071067811865476	Memristive
75	-0.5	-2.022e-10	2.022e-10	2472799208.704253	0.0	0.0	0.5	2.022e-10	21.628616628782233	0.0	2.022e-10	0.0	0.02022	0.0	5000000.0	0.0	4.044e-10	0.0	0.7071067811865476	Memristive
76	-0.45	3.722e-10	3.722e-10	-1209027404.6211715	0.0	0.0	0.45	3.722e-10	20.913082075502626	0.0	3.722e-10	0.0	0.037219999999999996	0.0	4500000.0	0.0	8.271111111111111e-10	0.0	0.6708203932499369	Memristive
77	-0.4	1.187e-09	1.187e-09	-336983993.2603202	0.0	0.0	0.4	1.187e-09	19.635545989444726	0.0	1.187e-09	0.0	0.11869999999999999	0.0	4000000.0000000005	0.0	2.9674999999999995e-09	0.0	0.6324555320336759	Memristive
78	-0.35	-5.936e-11	5.936e-11	5896226415.094339	0.0	0.0	0.35	5.936e-11	22.497578392570745	0.0	5.936e-11	0.0	0.0059359999999999994	0.0	3500000.0	0.0	1.6960000000000001e-10	0.0	0.5916079783099616	Memristive
79	-0.3	-1.431e-10	1.431e-10	2096436058.7002096	0.0	0.0	0.3	1.431e-10	21.46350462504021	0.0	1.431e-10	0.0	0.01431	0.0	3000000.0	0.0	4.77e-10	0.0	0.5477225575051661	Memristive
80	-0.25	-3.178e-10	3.178e-10	786658275.6450598	0.0	0.0	0.25	3.178e-10	20.48330450070604	0.0	3.178e-10	0.0	0.031779999999999996	0.0	2500000.0	0.0	1.2712e-09	0.0	0.5	Memristive
81	-0.2	5.793e-11	5.793e-11	-3452442603.141723	0.0	0.0	0.2	5.793e-11	21.962347818385915	0.0	5.793e-11	0.0	0.0057929999999999995	0.0	2000000.0000000002	0.0	2.8965e-10	0.0	0.4472135954999579	Memristive
82	-0.15	2.991e-10	2.991e-10	-501504513.5406219	0.0	0.0	0.15	2.991e-10	20.033123165406764	0.0	2.991e-10	0.0	0.02991	0.0	1500000.0	0.0	1.994e-09	0.0	0.3872983346207417	Memristive
83	-0.1	-7.185e-12	7.185e-12	13917884481.558804	0.0	0.0	0.1	7.185e-12	23.356440503403515	0.0	7.185e-12	0.0	0.0007185000000000001	0.0	1000000.0000000001	0.0	7.184999999999999e-11	0.0	0.31622776601683794	Memristive
84	-0.05	-2.169e-10	2.169e-10	230520977.40894422	0.0	0.0	0.05	2.169e-10	19.25585242454173	0.0	2.169e-10	0.0	0.02169	0.0	500000.00000000006	0.0	4.338e-09	0.0	0.22360679774997896	Memristive
85	-0.0	1.546e-10	1.546e-10	-0.0	-0.0	1.546e-10	0.0	1.546e-10	0.0	1.546e-10	1.546e-10	0.0	0.0	0.0	0.0	0.0	0.0	0.0	0.0	Memristive
86	0.0	2.08e-11	2.08e-11	0.0	0.0	2.08e-11	0.0	2.08e-11	0.0	2.08e-11	2.08e-11	0.0	0.0	0.0	0.0	0.0	0.0	0.0	0.0	Memristive
87	0.05	-1.003e-12	1.003e-12	-49850448654.03789	0.05	-1.003e-12	0.0	0.0	24.63229333339476	1.003e-12	0.0	-0.0001003	0.0	500000.00000000006	0.0	-2.006e-11	0.0	0.22360679774997896	0.0	Memristive
88	0.1	-4.49e-11	4.49e-11	-2227171492.2049	0.1	-4.49e-11	0.0	0.0	21.523998228186294	4.49e-11	0.0	-0.00449	0.0	1000000.0000000001	0.0	-4.49e-10	0.0	0.31622776601683794	0.0	Memristive
89	0.15	-2.14e-10	2.14e-10	-700934579.4392523	0.15	-2.14e-10	0.0	0.0	20.367925116020814	2.14e-10	0.0	-0.0214	0.0	1500000.0	0.0	-1.4266666666666667e-09	0.0	0.3872983346207417	0.0	Memristive
90	0.2	3.558e-11	3.558e-11	5621135469.364812	0.2	3.558e-11	0.0	0.0	22.449799521256757	3.558e-11	0.0	0.0035580000000000004	0.0	2000000.0000000002	0.0	1.779e-10	0.0	0.4472135954999579	0.0	Memristive
91	0.25	3.467e-10	3.467e-10	721084511.1047015	0.25	3.467e-10	0.0	0.0	20.39626690211768	3.467e-10	0.0	0.03467	0.0	2500000.0	0.0	1.3868e-09	0.0	0.5	0.0	Memristive
92	0.3	4.828e-11	4.828e-11	6213753106.876554	0.3	4.828e-11	0.0	0.0	22.55003091537328	4.828e-11	0.0	0.004828	0.0	3000000.0	0.0	1.6093333333333335e-10	0.0	0.5477225575051661	0.0	Memristive
93	0.35	4.761e-11	4.761e-11	7351396765.385423	0.35	4.761e-11	0.0	0.0	22.718156168223445	4.761e-11	0.0	0.0047610000000000005	0.0	3500000.0	0.0	1.3602857142857143e-10	0.0	0.5916079783099616	0.0	Memristive
94	0.4	-1.602e-10	1.602e-10	-2496878901.3732834	0.4	-1.602e-10	0.0	0.0	21.638307349420135	1.602e-10	0.0	-0.016020000000000003	0.0	4000000.0000000005	0.0	-4.0049999999999996e-10	0.0	0.6324555320336759	0.0	Memristive
95	0.45	1.33e-10	1.33e-10	3383458646.6165414	0.45	1.33e-10	0.0	0.0	21.94216429148902	1.33e-10	0.0	0.0133	0.0	4500000.0	0.0	2.9555555555555555e-10	0.0	0.6708203932499369	0.0	Memristive
96	0.5	1.998e-10	1.998e-10	2502502502.5025024	0.5	1.998e-10	0.0	0.0	21.64055706915415	1.998e-10	0.0	0.019979999999999998	0.0	5000000.0	0.0	3.996e-10	0.0	0.7071067811865476	0.0	Memristive
97	0.5	4.007e-10	4.007e-10	1247816321.4374843	0.5	4.007e-10	0.0	0.0	20.944660917726505	4.007e-10	0.0	0.04007	0.0	5000000.0	0.0	8.014e-10	0.0	0.7071067811865476	0.0	Memristive
98	0.45	1.068e-10	1.068e-10	4213483146.067416	0.45	1.068e-10	0.0	0.0	22.161555493184682	1.068e-10	0.0	0.010679999999999999	0.0	4500000.0	0.0	2.3733333333333334e-10	0.0	0.6708203932499369	0.0	Memristive
99	0.4	-9.49e-11	9.49e-11	-4214963119.072708	0.4	-9.49e-11	0.0	0.0	22.161906678438513	9.49e-11	0.0	-0.00949	0.0	4000000.0000000005	0.0	-2.3725e-10	0.0	0.6324555320336759	0.0	Memristive
100	0.35	9.832e-11	9.832e-11	3559804719.2839704	0.35	9.832e-11	0.0	0.0	21.99297152617209	9.832e-11	0.0	0.009832	0.0	3500000.0	0.0	2.8091428571428574e-10	0.0	0.5916079783099616	0.0	Memristive
101	0.3	3.264e-10	3.264e-10	919117647.0588236	0.3	3.264e-10	0.0	0.0	20.63892468851266	3.264e-10	0.0	0.032639999999999995	0.0	3000000.0	0.0	1.088e-09	0.0	0.5477225575051661	0.0	Memristive
102	0.25	4.54e-11	4.54e-11	5506607929.515419	0.25	4.54e-11	0.0	0.0	22.429214649761356	4.54e-11	0.0	0.004539999999999999	0.0	2500000.0	0.0	1.816e-10	0.0	0.5	0.0	Memristive
103	0.2	-1.746e-10	1.746e-10	-1145475372.2794962	0.2	-1.746e-10	0.0	0.0	20.859085560088946	1.746e-10	0.0	-0.017459999999999996	0.0	2000000.0000000002	0.0	-8.73e-10	0.0	0.4472135954999579	0.0	Memristive
104	0.15	-2.991e-10	2.991e-10	-501504513.5406219	0.15	-2.991e-10	0.0	0.0	20.033123165406764	2.991e-10	0.0	-0.02991	0.0	1500000.0	0.0	-1.994e-09	0.0	0.3872983346207417	0.0	Memristive
105	0.1	1.036e-11	1.036e-11	9652509652.509653	0.1	1.036e-11	0.0	0.0	22.990483786103166	1.036e-11	0.0	0.001036	0.0	1000000.0000000001	0.0	1.036e-10	0.0	0.31622776601683794	0.0	Memristive
106	0.05	1.78e-10	1.78e-10	280898876.4044944	0.05	1.78e-10	0.0	0.0	19.453505292082472	1.78e-10	0.0	0.0178	0.0	500000.00000000006	0.0	3.56e-09	0.0	0.22360679774997896	0.0	Memristive
107	0.0	1.717e-11	1.717e-11	0.0	0.0	1.717e-11	0.0	1.717e-11	0.0	1.717e-11	1.717e-11	0.0	0.0	0.0	0.0	0.0	0.0	0.0	0.0	Memristive
108	-0.05	-2.047e-11	2.047e-11	2442598925.256473	0.0	0.0	0.05	2.047e-11	21.61632844270136	0.0	2.047e-11	0.0	0.0020469999999999998	0.0	500000.00000000006	0.0	4.094e-10	0.0	0.22360679774997896	Memristive
109	-0.1	2.84e-12	2.84e-12	-35211267605.633804	0.0	0.0	0.1	2.84e-12	24.28463197076139	0.0	2.84e-12	0.0	0.00028399999999999996	0.0	1000000.0000000001	0.0	2.84e-11	0.0	0.31622776601683794	Memristive
110	-0.15	2.825e-10	2.825e-10	-530973451.3274336	0.0	0.0	0.15	2.825e-10	20.09022258045617	0.0	2.825e-10	0.0	0.02825	0.0	1500000.0	0.0	1.8833333333333337e-09	0.0	0.3872983346207417	Memristive
111	-0.2	9.314e-11	9.314e-11	-2147305132.0592656	0.0	0.0	0.2	9.314e-11	21.48747946594022	0.0	9.314e-11	0.0	0.009314000000000001	0.0	2000000.0000000002	0.0	4.657e-10	0.0	0.4472135954999579	Memristive
112	-0.25	-3.58e-11	3.58e-11	6983240223.463687	0.0	0.0	0.25	3.58e-11	22.666778861402005	0.0	3.58e-11	0.0	0.0035799999999999994	0.0	2500000.0	0.0	1.432e-10	0.0	0.5	Memristive
113	-0.3	-3.316e-10	3.316e-10	904704463.208685	0.0	0.0	0.3	3.316e-10	20.623118888341473	0.0	3.316e-10	0.0	0.03316	0.0	3000000.0	0.0	1.1053333333333334e-09	0.0	0.5477225575051661	Memristive
114	-0.35	-2.169e-10	2.169e-10	1613646841.8626094	0.0	0.0	0.35	2.169e-10	21.20176257359704	0.0	2.169e-10	0.0	0.021689999999999997	0.0	3500000.0	0.0	6.197142857142857e-10	0.0	0.5916079783099616	Memristive
115	-0.4	4.014e-11	4.014e-11	-9965122072.745392	0.0	0.0	0.4	4.014e-11	23.022357040686202	0.0	4.014e-11	0.0	0.004014	0.0	4000000.0000000005	0.0	1.0035000000000001e-10	0.0	0.6324555320336759	Memristive
116	-0.45	-3.338e-11	3.338e-11	13481126423.00779	0.0	0.0	0.45	3.338e-11	23.324556501477087	0.0	3.338e-11	0.0	0.0033379999999999994	0.0	4500000.0	0.0	7.417777777777778e-11	0.0	0.6708203932499369	Memristive
117	-0.5	-2.843e-10	2.843e-10	1758705592.6837847	0.0	0.0	0.5	2.843e-10	21.287843916711648	0.0	2.843e-10	0.0	0.028429999999999997	0.0	5000000.0	0.0	5.686e-10	0.0	0.7071067811865476	Memristive
118	-0.5	-1.461e-10	1.461e-10	3422313483.915127	0.0	0.0	0.5	1.461e-10	21.95358261661195	0.0	1.461e-10	0.0	0.014609999999999998	0.0	5000000.0	0.0	2.922e-10	0.0	0.7071067811865476	Memristive
119	-0.45	3.842e-12	3.842e-12	-117126496616.34566	0.0	0.0	0.45	3.842e-12	25.486520355364412	0.0	3.842e-12	0.0	0.00038419999999999996	0.0	4500000.0	0.0	8.537777777777777e-12	0.0	0.6708203932499369	Memristive
120	-0.4	2.834e-10	2.834e-10	-1411432604.0931544	0.0	0.0	0.4	2.834e-10	21.067871056797813	0.0	2.834e-10	0.0	0.028340000000000004	0.0	4000000.0000000005	0.0	7.085e-10	0.0	0.6324555320336759	Memristive
121	-0.35	-3.123e-10	3.123e-10	1120717259.0457892	0.0	0.0	0.35	3.123e-10	20.83723472714084	0.0	3.123e-10	0.0	0.03123	0.0	3500000.0	0.0	8.922857142857143e-10	0.0	0.5916079783099616	Memristive
122	-0.3	-8.241e-11	8.241e-11	3640334910.8117943	0.0	0.0	0.3	8.241e-11	22.01534152282732	0.0	8.241e-11	0.0	0.008241	0.0	3000000.0	0.0	2.7470000000000004e-10	0.0	0.5477225575051661	Memristive
123	-0.25	2.506e-13	2.506e-13	-997605746209.0981	0.0	0.0	0.25	2.506e-13	27.628623991328826	0.0	2.506e-13	0.0	2.506e-05	0.0	2500000.0	0.0	1.0024e-12	0.0	0.5	Memristive
124	-0.2	1.729e-10	1.729e-10	-1156737998.8432622	0.0	0.0	0.2	1.729e-10	20.868869810805204	0.0	1.729e-10	0.0	0.01729	0.0	2000000.0000000002	0.0	8.645e-10	0.0	0.4472135954999579	Memristive
125	-0.15	-3.191e-11	3.191e-11	4700720777.185835	0.0	0.0	0.15	3.191e-11	22.270981690752514	0.0	3.191e-11	0.0	0.0031910000000000003	0.0	1500000.0	0.0	2.1273333333333337e-10	0.0	0.3872983346207417	Memristive
126	-0.1	-3.069e-10	3.069e-10	325839035.5164549	0.0	0.0	0.1	3.069e-10	19.60191406130881	0.0	3.069e-10	0.0	0.030690000000000002	0.0	1000000.0000000001	0.0	3.0689999999999996e-09	0.0	0.31622776601683794	Memristive
127	-0.05	-2.16e-10	2.16e-10	231481481.4814815	0.0	0.0	0.05	2.16e-10	19.260010434690393	0.0	2.16e-10	0.0	0.0216	0.0	500000.00000000006	0.0	4.32e-09	0.0	0.22360679774997896	Memristive
128	-0.0	9.982e-12	9.982e-12	-0.0	-0.0	9.982e-12	0.0	9.982e-12	0.0	9.982e-12	9.982e-12	0.0	0.0	0.0	0.0	0.0	0.0	0.0	0.0	Memristive
