	voltage	current	abs_current	resistance	voltage_ps	current_ps	voltage_ng	current_ng	log_Resistance	abs_Current_ps	abs_Current_ng	current_Density_ps	current_Density_ng	electric_field_ps	electric_field_ng	inverse_resistance_ps	inverse_resistance_ng	sqrt_Voltage_ps	sqrt_Voltage_ng	classification
0	0.0	1.469e-11	1.469e-11	0.0	0.0	1.469e-11	0.0	1.469e-11	0.0	1.469e-11	1.469e-11	0.0	0.0	0.0	0.0	0.0	0.0	0.0	0.0	Memristive
1	0.05	3.498e-11	3.498e-11	1429388221.8410523	0.05	3.498e-11	0.0	0.0	21.080512372784103	3.498e-11	0.0	0.0034979999999999994	0.0	500000.00000000006	0.0	6.995999999999999e-10	0.0	0.22360679774997896	0.0	Memristive
2	0.1	8.462e-11	8.462e-11	1181753722.524226	0.1	8.462e-11	0.0	0.0	20.89026537764258	8.462e-11	0.0	0.008462	0.0	1000000.0000000001	0.0	8.461999999999999e-10	0.0	0.31622776601683794	0.0	Memristive
3	0.15	1.742e-10	1.742e-10	861079219.2881745	0.15	1.742e-10	0.0	0.0	20.573697066624266	1.742e-10	0.0	0.017419999999999998	0.0	1500000.0	0.0	1.1613333333333335e-09	0.0	0.3872983346207417	0.0	Memristive
4	0.2	3.593e-10	3.593e-10	556637907.0414696	0.2	3.593e-10	0.0	0.0	20.137425509374975	3.593e-10	0.0	0.03593	0.0	2000000.0000000002	0.0	1.7965e-09	0.0	0.4472135954999579	0.0	Memristive
5	0.25	5.82e-10	5.82e-10	429553264.604811	0.25	5.82e-10	0.0	0.0	19.87825630707722	5.82e-10	0.0	0.0582	0.0	2500000.0	0.0	2.328e-09	0.0	0.5	0.0	Memristive
6	0.3	8.366e-10	8.366e-10	358594310.30360985	0.3	8.366e-10	0.0	0.0	19.697702252594514	8.366e-10	0.0	0.08366	0.0	3000000.0	0.0	2.7886666666666668e-09	0.0	0.5477225575051661	0.0	Memristive
7	0.35	1.431e-09	1.431e-09	244584206.8483578	0.35	1.431e-09	0.0	0.0	19.31507021187342	1.431e-09	0.0	0.14309999999999998	0.0	3500000.0	0.0	4.088571428571429e-09	0.0	0.5916079783099616	0.0	Memristive
8	0.4	3.046e-09	3.046e-09	131319763.62442549	0.4	3.046e-09	0.0	0.0	18.693145850599286	3.046e-09	0.0	0.3046	0.0	4000000.0000000005	0.0	7.614999999999999e-09	0.0	0.6324555320336759	0.0	Memristive
9	0.45	3.971e-09	3.971e-09	113321581.46562581	0.45	3.971e-09	0.0	0.0	18.545740188579526	3.971e-09	0.0	0.3970999999999999	0.0	4500000.0	0.0	8.824444444444444e-09	0.0	0.6708203932499369	0.0	Memristive
10	0.5	4.817e-09	4.817e-09	103799045.04878555	0.5	4.817e-09	0.0	0.0	18.45796732873838	4.817e-09	0.0	0.48169999999999996	0.0	5000000.0	0.0	9.634e-09	0.0	0.7071067811865476	0.0	Memristive
11	0.55	6.597e-09	6.597e-09	83371229.34667273	0.55	6.597e-09	0.0	0.0	18.238813835950058	6.597e-09	0.0	0.6597000000000002	0.0	5500000.000000001	0.0	1.1994545454545454e-08	0.0	0.7416198487095663	0.0	Memristive
12	0.6	8.444e-09	8.444e-09	71056371.3879678	0.6	8.444e-09	0.0	0.0	18.078984083194346	8.444e-09	0.0	0.8443999999999998	0.0	6000000.0	0.0	1.4073333333333332e-08	0.0	0.7745966692414834	0.0	Memristive
13	0.65	9.891e-09	9.891e-09	65716307.75452431	0.65	9.891e-09	0.0	0.0	18.000857668096252	9.891e-09	0.0	0.9891	0.0	6500000.000000001	0.0	1.5216923076923077e-08	0.0	0.806225774829855	0.0	Memristive
14	0.7	1.294e-08	1.294e-08	54095826.89335394	0.7	1.294e-08	0.0	0.0	17.806267603934923	1.294e-08	0.0	1.294	0.0	7000000.0	0.0	1.8485714285714287e-08	0.0	0.8366600265340756	0.0	Memristive
15	0.75	1.646e-08	1.646e-08	45565006.07533415	0.75	1.646e-08	0.0	0.0	17.634650569245707	1.646e-08	0.0	1.646	0.0	7500000.0	0.0	2.1946666666666665e-08	0.0	0.8660254037844386	0.0	Memristive
16	0.8	1.992e-08	1.992e-08	40160642.570281126	0.8	1.992e-08	0.0	0.0	17.50839803347575	1.992e-08	0.0	1.992	0.0	8000000.000000001	0.0	2.4899999999999998e-08	0.0	0.8944271909999159	0.0	Memristive
17	0.85	2.384e-08	2.384e-08	35654362.41610738	0.85	2.384e-08	0.0	0.0	17.389382065251485	2.384e-08	0.0	2.3840000000000003	0.0	8500000.0	0.0	2.8047058823529412e-08	0.0	0.9219544457292888	0.0	Memristive
18	0.9	2.875e-08	2.875e-08	31304347.826086957	0.9	2.875e-08	0.0	0.0	17.259267554045227	2.875e-08	0.0	2.8749999999999996	0.0	9000000.0	0.0	3.194444444444444e-08	0.0	0.9486832980505138	0.0	Memristive
19	0.95	3.365e-08	3.365e-08	28231797.919762257	0.95	3.365e-08	0.0	0.0	17.155959486468124	3.365e-08	0.0	3.3649999999999998	0.0	9500000.0	0.0	3.542105263157895e-08	0.0	0.9746794344808963	0.0	Memristive
20	1.0	3.881e-08	3.881e-08	25766555.011594947	1.0	3.881e-08	0.0	0.0	17.064587891565598	3.881e-08	0.0	3.881	0.0	10000000.0	0.0	3.881e-08	0.0	1.0	0.0	Memristive
21	1.05	4.297e-08	4.297e-08	24435652.78101001	1.05	4.297e-08	0.0	0.0	17.01155380332894	4.297e-08	0.0	4.297	0.0	10500000.0	0.0	4.092380952380952e-08	0.0	1.02469507659596	0.0	Memristive
22	1.1	5.157e-08	5.157e-08	21330230.754314527	1.1	5.157e-08	0.0	0.0	16.87563590868787	5.157e-08	0.0	5.157	0.0	11000000.000000002	0.0	4.6881818181818174e-08	0.0	1.0488088481701516	0.0	Memristive
23	1.15	5.673e-08	5.673e-08	20271461.307949938	1.15	5.673e-08	0.0	0.0	16.824724607983093	5.673e-08	0.0	5.672999999999999	0.0	11500000.0	0.0	4.93304347826087e-08	0.0	1.0723805294763609	0.0	Memristive
24	1.2	6.403e-08	6.403e-08	18741215.05544276	1.2	6.403e-08	0.0	0.0	16.746235670209654	6.403e-08	0.0	6.402999999999999	0.0	12000000.0	0.0	5.3358333333333336e-08	0.0	1.0954451150103321	0.0	Memristive
25	1.25	7.542e-08	7.542e-08	16573853.089366216	1.25	7.542e-08	0.0	0.0	16.62333689643041	7.542e-08	0.0	7.542	0.0	12500000.0	0.0	6.033599999999999e-08	0.0	1.118033988749895	0.0	Memristive
26	1.3	8.472e-08	8.472e-08	15344664.778092543	1.3	8.472e-08	0.0	0.0	16.54627840012075	8.472e-08	0.0	8.472	0.0	13000000.000000002	0.0	6.516923076923077e-08	0.0	1.140175425099138	0.0	Memristive
27	1.35	9.733e-08	9.733e-08	13870338.02527484	1.35	9.733e-08	0.0	0.0	16.445263162958348	9.733e-08	0.0	9.733	0.0	13500000.000000002	0.0	7.20962962962963e-08	0.0	1.161895003862225	0.0	Memristive
28	1.4	1.038e-07	1.038e-07	13487475.91522158	1.4	1.038e-07	0.0	0.0	16.417272102835835	1.038e-07	0.0	10.379999999999999	0.0	14000000.0	0.0	7.414285714285715e-08	0.0	1.1832159566199232	0.0	Memristive
29	1.45	1.131e-07	1.131e-07	12820512.82051282	1.45	1.131e-07	0.0	0.0	16.36655701025682	1.131e-07	0.0	11.31	0.0	14500000.0	0.0	7.8e-08	0.0	1.2041594578792296	0.0	Memristive
30	1.5	1.261e-07	1.261e-07	11895321.173671689	1.5	1.261e-07	0.0	0.0	16.291655702083702	1.261e-07	0.0	12.61	0.0	15000000.0	0.0	8.406666666666667e-08	0.0	1.224744871391589	0.0	Memristive
31	1.55	1.368e-07	1.368e-07	11330409.356725145	1.55	1.368e-07	0.0	0.0	16.243000762689118	1.368e-07	0.0	13.680000000000001	0.0	15500000.000000002	0.0	8.825806451612903e-08	0.0	1.2449899597988732	0.0	Memristive
32	1.6	1.502e-07	1.502e-07	10652463.382157125	1.6	1.502e-07	0.0	0.0	16.181301726862113	1.502e-07	0.0	15.02	0.0	16000000.000000002	0.0	9.3875e-08	0.0	1.2649110640673518	0.0	Memristive
33	1.65	1.658e-07	1.658e-07	9951749.095295537	1.65	1.658e-07	0.0	0.0	16.113258882157705	1.658e-07	0.0	16.58	0.0	16500000.0	0.0	1.0048484848484848e-07	0.0	1.284523257866513	0.0	Memristive
34	1.7	1.694e-07	1.694e-07	10035419.126328217	1.7	1.694e-07	0.0	0.0	16.12163130579063	1.694e-07	0.0	16.939999999999998	0.0	17000000.0	0.0	9.964705882352941e-08	0.0	1.3038404810405297	0.0	Memristive
35	1.75	1.803e-07	1.803e-07	9706045.479755962	1.75	1.803e-07	0.0	0.0	16.088259494672563	1.803e-07	0.0	18.03	0.0	17500000.0	0.0	1.0302857142857143e-07	0.0	1.3228756555322954	0.0	Memristive
36	1.8	1.964e-07	1.964e-07	9164969.450101832	1.8	1.964e-07	0.0	0.0	16.030899105928164	1.964e-07	0.0	19.639999999999997	0.0	18000000.0	0.0	1.0911111111111112e-07	0.0	1.3416407864998738	0.0	Memristive
37	1.85	2.038e-07	2.038e-07	9077526.987242395	1.85	2.038e-07	0.0	0.0	16.02131235524802	2.038e-07	0.0	20.379999999999995	0.0	18500000.0	0.0	1.1016216216216216e-07	0.0	1.3601470508735443	0.0	Memristive
38	1.9	2.172e-07	2.172e-07	8747697.97421731	1.9	2.172e-07	0.0	0.0	15.984301135059026	2.172e-07	0.0	21.72	0.0	19000000.0	0.0	1.1431578947368423e-07	0.0	1.378404875209022	0.0	Memristive
39	1.95	2.325e-07	2.325e-07	8387096.774193549	1.95	2.325e-07	0.0	0.0	15.942204984494655	2.325e-07	0.0	23.249999999999996	0.0	19500000.0	0.0	1.1923076923076923e-07	0.0	1.396424004376894	0.0	Memristive
40	2.0	2.413e-07	2.413e-07	8288437.629506838	2.0	2.413e-07	0.0	0.0	15.930372044875371	2.413e-07	0.0	24.13	0.0	20000000.0	0.0	1.2065e-07	0.0	1.4142135623730951	0.0	Memristive
41	2.0	2.697e-07	2.697e-07	7415647.015202077	2.0	2.697e-07	0.0	0.0	15.819102787360672	2.697e-07	0.0	26.96999999999999	0.0	20000000.0	0.0	1.3485e-07	0.0	1.4142135623730951	0.0	Memristive
42	1.95	2.572e-07	2.572e-07	7581648.522550544	1.95	2.572e-07	0.0	0.0	15.841241217158602	2.572e-07	0.0	25.720000000000002	0.0	19500000.0	0.0	1.318974358974359e-07	0.0	1.396424004376894	0.0	Memristive
43	1.9	2.317e-07	2.317e-07	8200258.955545965	1.9	2.317e-07	0.0	0.0	15.919676291680476	2.317e-07	0.0	23.169999999999998	0.0	19000000.0	0.0	1.2194736842105263e-07	0.0	1.378404875209022	0.0	Memristive
44	1.85	2.104e-07	2.104e-07	8792775.66539924	1.85	2.104e-07	0.0	0.0	15.98944099517309	2.104e-07	0.0	21.039999999999996	0.0	18500000.0	0.0	1.1372972972972973e-07	0.0	1.3601470508735443	0.0	Memristive
45	1.8	1.849e-07	1.849e-07	9734991.88750676	1.8	1.849e-07	0.0	0.0	16.091237363455452	1.849e-07	0.0	18.49	0.0	18000000.0	0.0	1.0272222222222221e-07	0.0	1.3416407864998738	0.0	Memristive
46	1.75	1.843e-07	1.843e-07	9495387.954422137	1.75	1.843e-07	0.0	0.0	16.066316760206057	1.843e-07	0.0	18.430000000000003	0.0	17500000.0	0.0	1.0531428571428572e-07	0.0	1.3228756555322954	0.0	Memristive
47	1.7	1.71e-07	1.71e-07	9941520.467836257	1.7	1.71e-07	0.0	0.0	16.112230531505922	1.71e-07	0.0	17.1	0.0	17000000.0	0.0	1.0058823529411765e-07	0.0	1.3038404810405297	0.0	Memristive
48	1.65	1.585e-07	1.585e-07	10410094.637223974	1.65	1.585e-07	0.0	0.0	16.158286531541567	1.585e-07	0.0	15.850000000000001	0.0	16500000.0	0.0	9.606060606060607e-08	0.0	1.284523257866513	0.0	Memristive
49	1.6	1.393e-07	1.393e-07	11486001.435750179	1.6	1.393e-07	0.0	0.0	16.256639585406386	1.393e-07	0.0	13.930000000000001	0.0	16000000.000000002	0.0	8.70625e-08	0.0	1.2649110640673518	0.0	Memristive
50	1.55	1.226e-07	1.226e-07	12642740.61990212	1.55	1.226e-07	0.0	0.0	16.352593744375454	1.226e-07	0.0	12.260000000000002	0.0	15500000.000000002	0.0	7.909677419354839e-08	0.0	1.2449899597988732	0.0	Memristive
51	1.5	1.134e-07	1.134e-07	13227513.227513228	1.5	1.134e-07	0.0	0.0	16.397809553760922	1.134e-07	0.0	11.34	0.0	15000000.0	0.0	7.56e-08	0.0	1.224744871391589	0.0	Memristive
52	1.45	1.012e-07	1.012e-07	14328063.241106719	1.45	1.012e-07	0.0	0.0	16.47773063652553	1.012e-07	0.0	10.12	0.0	14500000.0	0.0	6.979310344827587e-08	0.0	1.2041594578792296	0.0	Memristive
53	1.4	8.984e-08	8.984e-08	15583259.127337487	1.4	8.984e-08	0.0	0.0	16.561707763137438	8.984e-08	0.0	8.984000000000002	0.0	14000000.0	0.0	6.417142857142857e-08	0.0	1.1832159566199232	0.0	Memristive
54	1.35	8.481e-08	8.481e-08	15917934.205871949	1.35	8.481e-08	0.0	0.0	16.58295696902314	8.481e-08	0.0	8.481	0.0	13500000.000000002	0.0	6.282222222222222e-08	0.0	1.161895003862225	0.0	Memristive
55	1.3	7.099e-08	7.099e-08	18312438.371601634	1.3	7.099e-08	0.0	0.0	16.723091079362607	7.099e-08	0.0	7.099000000000001	0.0	13000000.000000002	0.0	5.4607692307692304e-08	0.0	1.140175425099138	0.0	Memristive
56	1.25	6.033e-08	6.033e-08	20719376.761147026	1.25	6.033e-08	0.0	0.0	16.84657989580795	6.033e-08	0.0	6.0329999999999995	0.0	12500000.0	0.0	4.8264e-08	0.0	1.118033988749895	0.0	Memristive
57	1.2	5.172e-08	5.172e-08	23201856.148491878	1.2	5.172e-08	0.0	0.0	16.95974283983671	5.172e-08	0.0	5.172	0.0	12000000.0	0.0	4.31e-08	0.0	1.0954451150103321	0.0	Memristive
58	1.15	4.254e-08	4.254e-08	27033380.34790785	1.15	4.254e-08	0.0	0.0	17.11258296954948	4.254e-08	0.0	4.2540000000000004	0.0	11500000.0	0.0	3.6991304347826094e-08	0.0	1.0723805294763609	0.0	Memristive
59	1.1	3.415e-08	3.415e-08	32210834.55344071	1.1	3.415e-08	0.0	0.0	17.287813430733937	3.415e-08	0.0	3.4149999999999996	0.0	11000000.000000002	0.0	3.104545454545454e-08	0.0	1.0488088481701516	0.0	Memristive
60	1.05	3.04e-08	3.04e-08	34539473.684210524	1.05	3.04e-08	0.0	0.0	17.357613392703666	3.04e-08	0.0	3.04	0.0	10500000.0	0.0	2.8952380952380952e-08	0.0	1.02469507659596	0.0	Memristive
61	1.0	2.647e-08	2.647e-08	37778617.302606724	1.0	2.647e-08	0.0	0.0	17.447253820707402	2.647e-08	0.0	2.647	0.0	10000000.0	0.0	2.647e-08	0.0	1.0	0.0	Memristive
62	0.95	2.266e-08	2.266e-08	41924095.322153576	0.95	2.266e-08	0.0	0.0	17.551371286959	2.266e-08	0.0	2.2659999999999996	0.0	9500000.0	0.0	2.3852631578947367e-08	0.0	0.9746794344808963	0.0	Memristive
63	0.9	1.865e-08	1.865e-08	48257372.65415549	0.9	1.865e-08	0.0	0.0	17.69205917519876	1.865e-08	0.0	1.865	0.0	9000000.0	0.0	2.0722222222222224e-08	0.0	0.9486832980505138	0.0	Memristive
64	0.85	1.562e-08	1.562e-08	54417413.57234315	0.85	1.562e-08	0.0	0.0	17.812194763037095	1.562e-08	0.0	1.5619999999999998	0.0	8500000.0	0.0	1.8376470588235294e-08	0.0	0.9219544457292888	0.0	Memristive
65	0.8	1.193e-08	1.193e-08	67057837.384744346	0.8	1.193e-08	0.0	0.0	18.02106604952238	1.193e-08	0.0	1.193	0.0	8000000.000000001	0.0	1.49125e-08	0.0	0.8944271909999159	0.0	Memristive
66	0.75	8.966e-09	8.966e-09	83649341.95850992	0.75	8.966e-09	0.0	0.0	18.24214411876138	8.966e-09	0.0	0.8966	0.0	7500000.0	0.0	1.1954666666666668e-08	0.0	0.8660254037844386	0.0	Memristive
67	0.7	6.555e-09	6.555e-09	106788710.90770404	0.7	6.555e-09	0.0	0.0	18.486362775792017	6.555e-09	0.0	0.6555	0.0	7000000.0	0.0	9.364285714285714e-09	0.0	0.8366600265340756	0.0	Memristive
68	0.65	5.659e-09	5.659e-09	114861282.91217531	0.65	5.659e-09	0.0	0.0	18.559235722693572	5.659e-09	0.0	0.5659	0.0	6500000.000000001	0.0	8.706153846153846e-09	0.0	0.806225774829855	0.0	Memristive
69	0.6	4.036e-09	4.036e-09	148662041.62537166	0.6	4.036e-09	0.0	0.0	18.817186110689057	4.036e-09	0.0	0.40359999999999996	0.0	6000000.0	0.0	6.726666666666666e-09	0.0	0.7745966692414834	0.0	Memristive
70	0.55	3.423e-09	3.423e-09	160677768.03973126	0.55	3.423e-09	0.0	0.0	18.894911476642744	3.423e-09	0.0	0.3423	0.0	5500000.000000001	0.0	6.223636363636363e-09	0.0	0.7416198487095663	0.0	Memristive
71	0.5	2.193e-09	2.193e-09	227998176.01459187	0.5	2.193e-09	0.0	0.0	19.244848186950716	2.193e-09	0.0	0.2193	0.0	5000000.0	0.0	4.386e-09	0.0	0.7071067811865476	0.0	Memristive
72	0.45	1.592e-09	1.592e-09	282663316.5829146	0.45	1.592e-09	0.0	0.0	19.459767053306447	1.592e-09	0.0	0.15919999999999998	0.0	4500000.0	0.0	3.537777777777778e-09	0.0	0.6708203932499369	0.0	Memristive
73	0.4	1.167e-09	1.167e-09	342759211.65381324	0.4	1.167e-09	0.0	0.0	19.65253875176784	1.167e-09	0.0	0.11669999999999998	0.0	4000000.0000000005	0.0	2.9175e-09	0.0	0.6324555320336759	0.0	Memristive
74	0.35	6.3e-10	6.3e-10	555555555.5555556	0.35	6.3e-10	0.0	0.0	20.135479172044292	6.3e-10	0.0	0.06299999999999999	0.0	3500000.0	0.0	1.8000000000000002e-09	0.0	0.5916079783099616	0.0	Memristive
75	0.3	4.175e-10	4.175e-10	718562874.2514969	0.3	4.175e-10	0.0	0.0	20.392763767311703	4.175e-10	0.0	0.04175000000000001	0.0	3000000.0	0.0	1.3916666666666667e-09	0.0	0.5477225575051661	0.0	Memristive
76	0.25	2.354e-10	2.354e-10	1062022090.0594733	0.25	2.354e-10	0.0	0.0	20.78344055998248	2.354e-10	0.0	0.02354	0.0	2500000.0	0.0	9.416e-10	0.0	0.5	0.0	Memristive
77	0.2	1.071e-10	1.071e-10	1867413632.1195147	0.2	1.071e-10	0.0	0.0	21.347820226040746	1.071e-10	0.0	0.01071	0.0	2000000.0000000002	0.0	5.355e-10	0.0	0.4472135954999579	0.0	Memristive
78	0.15	3.873e-11	3.873e-11	3872966692.4864445	0.15	3.873e-11	0.0	0.0	22.077286637516007	3.873e-11	0.0	0.003873	0.0	1500000.0	0.0	2.582e-10	0.0	0.3872983346207417	0.0	Memristive
79	0.1	6.786e-12	6.786e-12	14736221632.773357	0.1	6.786e-12	0.0	0.0	23.413574356572465	6.786e-12	0.0	0.0006786000000000001	0.0	1000000.0000000001	0.0	6.786e-11	0.0	0.31622776601683794	0.0	Memristive
80	0.05	-7.269e-12	7.269e-12	-6878525244.187647	0.05	-7.269e-12	0.0	0.0	22.651670111872058	7.269e-12	0.0	-0.0007269	0.0	500000.00000000006	0.0	-1.4538e-10	0.0	0.22360679774997896	0.0	Memristive
81	0.0	-1.638e-11	1.638e-11	-0.0	0.0	-1.638e-11	0.0	1.638e-11	0.0	1.638e-11	1.638e-11	0.0	0.0	0.0	0.0	0.0	0.0	0.0	0.0	Memristive
82	-0.05	-2.26e-11	2.26e-11	2212389380.5309734	0.0	0.0	0.05	2.26e-11	21.517338936096316	0.0	2.26e-11	0.0	0.0022600000000000003	0.0	500000.00000000006	0.0	4.52e-10	0.0	0.22360679774997896	Memristive
83	-0.1	-2.939e-11	2.939e-11	3402517863.218782	0.0	0.0	0.1	2.939e-11	21.947781542503677	0.0	2.939e-11	0.0	0.002939	0.0	1000000.0000000001	0.0	2.939e-10	0.0	0.31622776601683794	Memristive
84	-0.15	-4.078e-11	4.078e-11	3678273663.560569	0.0	0.0	0.15	4.078e-11	22.025709365896358	0.0	4.078e-11	0.0	0.004078	0.0	1500000.0	0.0	2.7186666666666667e-10	0.0	0.3872983346207417	Memristive
85	-0.2	-5.629e-11	5.629e-11	3553028957.1860013	0.0	0.0	0.2	5.629e-11	21.991066304018513	0.0	5.629e-11	0.0	0.0056289999999999995	0.0	2000000.0000000002	0.0	2.8145e-10	0.0	0.4472135954999579	Memristive
86	-0.25	-6.893e-11	6.893e-11	3626867836.936022	0.0	0.0	0.25	6.893e-11	22.0116352579111	0.0	6.893e-11	0.0	0.006893000000000001	0.0	2500000.0	0.0	2.7572e-10	0.0	0.5	Memristive
87	-0.3	-6.624e-11	6.624e-11	4528985507.246377	0.0	0.0	0.3	6.624e-11	22.23376380152561	0.0	6.624e-11	0.0	0.006624	0.0	3000000.0	0.0	2.208e-10	0.0	0.5477225575051661	Memristive
88	-0.35	-8.526e-11	8.526e-11	4105090311.9868636	0.0	0.0	0.35	8.526e-11	22.135493580092806	0.0	8.526e-11	0.0	0.008525999999999999	0.0	3500000.0	0.0	2.436e-10	0.0	0.5916079783099616	Memristive
89	-0.4	-1.099e-10	1.099e-10	3639672429.4813466	0.0	0.0	0.4	1.099e-10	22.01515952264482	0.0	1.099e-10	0.0	0.010990000000000002	0.0	4000000.0000000005	0.0	2.7475e-10	0.0	0.6324555320336759	Memristive
90	-0.45	-1.418e-10	1.418e-10	3173483779.9717917	0.0	0.0	0.45	1.418e-10	21.878095805612748	0.0	1.418e-10	0.0	0.014179999999999996	0.0	4500000.0	0.0	3.151111111111111e-10	0.0	0.6708203932499369	Memristive
91	-0.5	-1.442e-10	1.442e-10	3467406380.027739	0.0	0.0	0.5	1.442e-10	21.966672710517756	0.0	1.442e-10	0.0	0.014420000000000002	0.0	5000000.0	0.0	2.884e-10	0.0	0.7071067811865476	Memristive
92	-0.55	-1.273e-10	1.273e-10	4320502749.410841	0.0	0.0	0.55	1.273e-10	22.186637609609566	0.0	1.273e-10	0.0	0.01273	0.0	5500000.000000001	0.0	2.314545454545454e-10	0.0	0.7416198487095663	Memristive
93	-0.6	-1.783e-10	1.783e-10	3365114974.7616377	0.0	0.0	0.6	1.783e-10	21.936727967293464	0.0	1.783e-10	0.0	0.01783	0.0	6000000.0	0.0	2.971666666666667e-10	0.0	0.7745966692414834	Memristive
94	-0.65	-2.052e-10	2.052e-10	3167641325.5360627	0.0	0.0	0.65	2.052e-10	21.876253086539478	0.0	2.052e-10	0.0	0.02052	0.0	6500000.000000001	0.0	3.1569230769230767e-10	0.0	0.806225774829855	Memristive
95	-0.7	-2.207e-10	2.207e-10	3171726325.3285003	0.0	0.0	0.7	2.207e-10	21.877541858727124	0.0	2.207e-10	0.0	0.02207	0.0	7000000.0	0.0	3.152857142857143e-10	0.0	0.8366600265340756	Memristive
96	-0.75	-2.826e-10	2.826e-10	2653927813.163482	0.0	0.0	0.75	2.826e-10	21.69930657322634	0.0	2.826e-10	0.0	0.028259999999999997	0.0	7500000.0	0.0	3.768e-10	0.0	0.8660254037844386	Memristive
97	-0.8	-3.078e-10	3.078e-10	2599090318.388564	0.0	0.0	0.8	3.078e-10	21.67842734320956	0.0	3.078e-10	0.0	0.03078	0.0	8000000.000000001	0.0	3.8475e-10	0.0	0.8944271909999159	Memristive
98	-0.85	-2.974e-10	2.974e-10	2858103564.2232685	0.0	0.0	0.85	2.974e-10	21.77342415240472	0.0	2.974e-10	0.0	0.02974	0.0	8500000.0	0.0	3.4988235294117644e-10	0.0	0.9219544457292888	Memristive
99	-0.9	-3.081e-10	3.081e-10	2921129503.4079843	0.0	0.0	0.9	3.081e-10	21.7952361946681	0.0	3.081e-10	0.0	0.03081	0.0	9000000.0	0.0	3.4233333333333334e-10	0.0	0.9486832980505138	Memristive
100	-0.95	-3.505e-10	3.505e-10	2710413694.721826	0.0	0.0	0.95	3.505e-10	21.720367115066352	0.0	3.505e-10	0.0	0.03505	0.0	9500000.0	0.0	3.6894736842105265e-10	0.0	0.9746794344808963	Memristive
101	-1.0	-3.49e-10	3.49e-10	2865329512.893983	0.0	0.0	1.0	3.49e-10	21.77594919372612	0.0	3.49e-10	0.0	0.034899999999999994	0.0	10000000.0	0.0	3.49e-10	0.0	1.0	Memristive
102	-1.05	-4.042e-10	4.042e-10	2597723899.059871	0.0	0.0	1.05	4.042e-10	21.677901475128458	0.0	4.042e-10	0.0	0.04042	0.0	10500000.0	0.0	3.8495238095238097e-10	0.0	1.02469507659596	Memristive
103	-1.1	-3.138e-10	3.138e-10	3505417463.352454	0.0	0.0	1.1	3.138e-10	21.97757545543394	0.0	3.138e-10	0.0	0.03138	0.0	11000000.000000002	0.0	2.8527272727272726e-10	0.0	1.0488088481701516	Memristive
104	-1.15	-3.87e-10	3.87e-10	2971576227.3901806	0.0	0.0	1.15	3.87e-10	21.812358365273926	0.0	3.87e-10	0.0	0.0387	0.0	11500000.0	0.0	3.365217391304348e-10	0.0	1.0723805294763609	Memristive
105	-1.2	-3.617e-10	3.617e-10	3317666574.5092616	0.0	0.0	1.2	3.617e-10	21.922527533764452	0.0	3.617e-10	0.0	0.03617	0.0	12000000.0	0.0	3.014166666666667e-10	0.0	1.0954451150103321	Memristive
106	-1.25	-4.161e-10	4.161e-10	3004085556.356645	0.0	0.0	1.25	4.161e-10	21.82323905125386	0.0	4.161e-10	0.0	0.041609999999999994	0.0	12500000.0	0.0	3.3288e-10	0.0	1.118033988749895	Memristive
107	-1.3	-5.722e-10	5.722e-10	2271932890.597693	0.0	0.0	1.3	5.722e-10	21.54389679978003	0.0	5.722e-10	0.0	0.057220000000000014	0.0	13000000.000000002	0.0	4.4015384615384617e-10	0.0	1.140175425099138	Memristive
108	-1.35	-5.581e-10	5.581e-10	2418921340.2616024	0.0	0.0	1.35	5.581e-10	21.6065875505845	0.0	5.581e-10	0.0	0.05580999999999999	0.0	13500000.000000002	0.0	4.1340740740740737e-10	0.0	1.161895003862225	Memristive
109	-1.4	-4.81e-10	4.81e-10	2910602910.6029105	0.0	0.0	1.4	4.81e-10	21.791626082444	0.0	4.81e-10	0.0	0.0481	0.0	14000000.0	0.0	3.4357142857142857e-10	0.0	1.1832159566199232	Memristive
110	-1.45	-6.318e-10	6.318e-10	2295030072.8078504	0.0	0.0	1.45	6.318e-10	21.554011783993047	0.0	6.318e-10	0.0	0.06318	0.0	14500000.0	0.0	4.357241379310345e-10	0.0	1.2041594578792296	Memristive
111	-1.5	-5.527e-10	5.527e-10	2713949701.4655333	0.0	0.0	1.5	5.527e-10	21.721670865197495	0.0	5.527e-10	0.0	0.055269999999999986	0.0	15000000.0	0.0	3.684666666666666e-10	0.0	1.224744871391589	Memristive
112	-1.55	-9.005e-10	9.005e-10	1721265963.3536923	0.0	0.0	1.55	9.005e-10	21.26632588224369	0.0	9.005e-10	0.0	0.09005	0.0	15500000.000000002	0.0	5.809677419354839e-10	0.0	1.2449899597988732	Memristive
113	-1.6	-6.953e-10	6.953e-10	2301164964.7634115	0.0	0.0	1.6	6.953e-10	21.55668133806931	0.0	6.953e-10	0.0	0.06953000000000001	0.0	16000000.000000002	0.0	4.3456249999999997e-10	0.0	1.2649110640673518	Memristive
114	-1.65	-5.151e-10	5.151e-10	3203261502.62085	0.0	0.0	1.65	5.151e-10	21.8874353472695	0.0	5.151e-10	0.0	0.05150999999999999	0.0	16500000.0	0.0	3.121818181818182e-10	0.0	1.284523257866513	Memristive
115	-1.7	-7.502e-10	7.502e-10	2266062383.364436	0.0	0.0	1.7	7.502e-10	21.541309529342932	0.0	7.502e-10	0.0	0.07502	0.0	17000000.0	0.0	4.4129411764705883e-10	0.0	1.3038404810405297	Memristive
116	-1.75	-6.354e-10	6.354e-10	2754170601.196097	0.0	0.0	1.75	6.354e-10	21.736382182028557	0.0	6.354e-10	0.0	0.06354	0.0	17500000.0	0.0	3.6308571428571426e-10	0.0	1.3228756555322954	Memristive
117	-1.8	-5.344e-10	5.344e-10	3368263473.053892	0.0	0.0	1.8	5.344e-10	21.93766315860823	0.0	5.344e-10	0.0	0.053439999999999994	0.0	18000000.0	0.0	2.968888888888889e-10	0.0	1.3416407864998738	Memristive
118	-1.85	-4.967e-10	4.967e-10	3724582242.802497	0.0	0.0	1.85	4.967e-10	22.038220532905477	0.0	4.967e-10	0.0	0.049669999999999985	0.0	18500000.0	0.0	2.6848648648648645e-10	0.0	1.3601470508735443	Memristive
119	-1.9	-4.492e-10	4.492e-10	4229741763.134461	0.0	0.0	1.9	4.492e-10	22.165406779236655	0.0	4.492e-10	0.0	0.04492000000000001	0.0	19000000.0	0.0	2.36421052631579e-10	0.0	1.378404875209022	Memristive
120	-1.95	-4.329e-10	4.329e-10	4504504504.504504	0.0	0.0	1.95	4.329e-10	22.228343734056267	0.0	4.329e-10	0.0	0.04329	0.0	19500000.0	0.0	2.22e-10	0.0	1.396424004376894	Memristive
121	-2.0	-4.942e-10	4.942e-10	4046944556.859571	0.0	0.0	2.0	4.942e-10	22.121228002933982	0.0	4.942e-10	0.0	0.04942	0.0	20000000.0	0.0	2.471e-10	0.0	1.4142135623730951	Memristive
122	-2.0	-8.035e-10	8.035e-10	2489110143.123833	0.0	0.0	2.0	8.035e-10	21.635191111310927	0.0	8.035e-10	0.0	0.08034999999999999	0.0	20000000.0	0.0	4.0175e-10	0.0	1.4142135623730951	Memristive
123	-1.95	-8.621e-10	8.621e-10	2261918570.9314466	0.0	0.0	1.95	8.621e-10	21.539479215288324	0.0	8.621e-10	0.0	0.08621	0.0	19500000.0	0.0	4.421025641025641e-10	0.0	1.396424004376894	Memristive
124	-1.9	-7.721e-10	7.721e-10	2460821137.158399	0.0	0.0	1.9	7.721e-10	21.623760926786172	0.0	7.721e-10	0.0	0.07721	0.0	19000000.0	0.0	4.063684210526316e-10	0.0	1.378404875209022	Memristive
125	-1.85	-6.012e-10	6.012e-10	3077178975.382569	0.0	0.0	1.85	6.012e-10	21.847279097139964	0.0	6.012e-10	0.0	0.06011999999999998	0.0	18500000.0	0.0	3.2497297297297295e-10	0.0	1.3601470508735443	Memristive
126	-1.8	-5.638e-10	5.638e-10	3192621496.9847465	0.0	0.0	1.8	5.638e-10	21.884108202150657	0.0	5.638e-10	0.0	0.05638	0.0	18000000.0	0.0	3.132222222222222e-10	0.0	1.3416407864998738	Memristive
127	-1.75	-5.512e-10	5.512e-10	3174891146.5892596	0.0	0.0	1.75	5.512e-10	21.878539184164524	0.0	5.512e-10	0.0	0.055119999999999995	0.0	17500000.0	0.0	3.149714285714286e-10	0.0	1.3228756555322954	Memristive
128	-1.7	-4.678e-10	4.678e-10	3634031637.4519024	0.0	0.0	1.7	4.678e-10	22.01360851284064	0.0	4.678e-10	0.0	0.046779999999999995	0.0	17000000.0	0.0	2.751764705882353e-10	0.0	1.3038404810405297	Memristive
129	-1.65	-4.87e-10	4.87e-10	3388090349.0759754	0.0	0.0	1.65	4.87e-10	21.943532280758447	0.0	4.87e-10	0.0	0.04869999999999999	0.0	16500000.0	0.0	2.951515151515152e-10	0.0	1.284523257866513	Memristive
130	-1.6	-4.781e-10	4.781e-10	3346580213.3444886	0.0	0.0	1.6	4.781e-10	21.931204829542224	0.0	4.781e-10	0.0	0.04781	0.0	16000000.000000002	0.0	2.988125e-10	0.0	1.2649110640673518	Memristive
131	-1.55	-4.145e-10	4.145e-10	3739445114.5958986	0.0	0.0	1.55	4.145e-10	22.042203072284355	0.0	4.145e-10	0.0	0.04145	0.0	15500000.000000002	0.0	2.6741935483870967e-10	0.0	1.2449899597988732	Memristive
132	-1.5	-3.841e-10	3.841e-10	3905233012.236397	0.0	0.0	1.5	3.841e-10	22.08558328868485	0.0	3.841e-10	0.0	0.03840999999999999	0.0	15000000.0	0.0	2.560666666666667e-10	0.0	1.224744871391589	Memristive
133	-1.45	-3.357e-10	3.357e-10	4319332737.5633	0.0	0.0	1.45	3.357e-10	22.18636676837504	0.0	3.357e-10	0.0	0.03357	0.0	14500000.0	0.0	2.3151724137931034e-10	0.0	1.2041594578792296	Memristive
134	-1.4	-3.917e-10	3.917e-10	3574163900.9446	0.0	0.0	1.4	3.917e-10	21.996997111877974	0.0	3.917e-10	0.0	0.039169999999999996	0.0	14000000.0	0.0	2.797857142857143e-10	0.0	1.1832159566199232	Memristive
135	-1.35	-3.221e-10	3.221e-10	4191244954.982925	0.0	0.0	1.35	3.221e-10	22.156263652041734	0.0	3.221e-10	0.0	0.03221	0.0	13500000.000000002	0.0	2.385925925925926e-10	0.0	1.161895003862225	Memristive
136	-1.3	-3.177e-10	3.177e-10	4091910607.491344	0.0	0.0	1.3	3.177e-10	22.13227783912057	0.0	3.177e-10	0.0	0.03177	0.0	13000000.000000002	0.0	2.443846153846154e-10	0.0	1.140175425099138	Memristive
137	-1.25	-3.104e-10	3.104e-10	4027061855.6701035	0.0	0.0	1.25	3.104e-10	22.116302878933695	0.0	3.104e-10	0.0	0.031039999999999995	0.0	12500000.0	0.0	2.4832e-10	0.0	1.118033988749895	Memristive
138	-1.2	-2.914e-10	2.914e-10	4118050789.293068	0.0	0.0	1.2	2.914e-10	22.138645778961397	0.0	2.914e-10	0.0	0.02914	0.0	12000000.0	0.0	2.428333333333333e-10	0.0	1.0954451150103321	Memristive
139	-1.15	-2.473e-10	2.473e-10	4650222401.940962	0.0	0.0	1.15	2.473e-10	22.260180883776336	0.0	2.473e-10	0.0	0.024730000000000002	0.0	11500000.0	0.0	2.150434782608696e-10	0.0	1.0723805294763609	Memristive
140	-1.1	-2.686e-10	2.686e-10	4095309009.679822	0.0	0.0	1.1	2.686e-10	22.133108011643735	0.0	2.686e-10	0.0	0.02686	0.0	11000000.000000002	0.0	2.4418181818181816e-10	0.0	1.0488088481701516	Memristive
141	-1.05	-2.522e-10	2.522e-10	4163362410.785091	0.0	0.0	1.05	2.522e-10	22.14958885656716	0.0	2.522e-10	0.0	0.02522	0.0	10500000.0	0.0	2.401904761904762e-10	0.0	1.02469507659596	Memristive
142	-1.0	-2.477e-10	2.477e-10	4037141703.673799	0.0	0.0	1.0	2.477e-10	22.118802779433235	0.0	2.477e-10	0.0	0.02477	0.0	10000000.0	0.0	2.477e-10	0.0	1.0	Memristive
143	-0.95	-2.305e-10	2.305e-10	4121475054.2299347	0.0	0.0	0.95	2.305e-10	22.139476959104293	0.0	2.305e-10	0.0	0.023049999999999998	0.0	9500000.0	0.0	2.4263157894736844e-10	0.0	0.9746794344808963	Memristive
144	-0.9	-2.226e-10	2.226e-10	4043126684.6361184	0.0	0.0	0.9	2.226e-10	22.12028416142928	0.0	2.226e-10	0.0	0.022260000000000002	0.0	9000000.0	0.0	2.4733333333333336e-10	0.0	0.9486832980505138	Memristive
145	-0.85	-1.833e-10	1.833e-10	4637206764.866339	0.0	0.0	0.85	1.833e-10	22.257378031585112	0.0	1.833e-10	0.0	0.01833	0.0	8500000.0	0.0	2.1564705882352943e-10	0.0	0.9219544457292888	Memristive
146	-0.8	-1.519e-10	1.519e-10	5266622778.143517	0.0	0.0	0.8	1.519e-10	22.384655155012613	0.0	1.519e-10	0.0	0.015189999999999997	0.0	8000000.000000001	0.0	1.8987499999999998e-10	0.0	0.8944271909999159	Memristive
147	-0.75	-1.697e-10	1.697e-10	4419563936.358279	0.0	0.0	0.75	1.697e-10	22.209306871236585	0.0	1.697e-10	0.0	0.01697	0.0	7500000.0	0.0	2.2626666666666667e-10	0.0	0.8660254037844386	Memristive
148	-0.7	-1.851e-10	1.851e-10	3781739600.216099	0.0	0.0	0.7	1.851e-10	22.053449952410364	0.0	1.851e-10	0.0	0.018510000000000002	0.0	7000000.0	0.0	2.6442857142857145e-10	0.0	0.8366600265340756	Memristive
149	-0.65	-1.575e-10	1.575e-10	4126984126.984127	0.0	0.0	0.65	1.575e-10	22.140812741570407	0.0	1.575e-10	0.0	0.01575	0.0	6500000.000000001	0.0	2.423076923076923e-10	0.0	0.806225774829855	Memristive
150	-0.6	-1.165e-10	1.165e-10	5150214592.274677	0.0	0.0	0.6	1.165e-10	22.3623042191568	0.0	1.165e-10	0.0	0.01165	0.0	6000000.0	0.0	1.941666666666667e-10	0.0	0.7745966692414834	Memristive
151	-0.55	-1.29e-10	1.29e-10	4263565891.472869	0.0	0.0	0.55	1.29e-10	22.173371710811256	0.0	1.29e-10	0.0	0.0129	0.0	5500000.000000001	0.0	2.3454545454545453e-10	0.0	0.7416198487095663	Memristive
152	-0.5	-1.079e-10	1.079e-10	4633920296.570899	0.0	0.0	0.5	1.079e-10	22.256669063104514	0.0	1.079e-10	0.0	0.01079	0.0	5000000.0	0.0	2.158e-10	0.0	0.7071067811865476	Memristive
153	-0.45	-8.966e-11	8.966e-11	5018960517.510595	0.0	0.0	0.45	8.966e-11	22.336488680983482	0.0	8.966e-11	0.0	0.008966	0.0	4500000.0	0.0	1.9924444444444444e-10	0.0	0.6708203932499369	Memristive
154	-0.4	-7.005e-11	7.005e-11	5710206995.003569	0.0	0.0	0.4	7.005e-11	22.46552111127138	0.0	7.005e-11	0.0	0.007005000000000001	0.0	4000000.0000000005	0.0	1.75125e-10	0.0	0.6324555320336759	Memristive
155	-0.35	-6.593e-11	6.593e-11	5308660700.743213	0.0	0.0	0.35	6.593e-11	22.39260541830466	0.0	6.593e-11	0.0	0.006593	0.0	3500000.0	0.0	1.8837142857142858e-10	0.0	0.5916079783099616	Memristive
156	-0.3	-4.098e-11	4.098e-11	7320644216.691069	0.0	0.0	0.3	4.098e-11	22.713964168791858	0.0	4.098e-11	0.0	0.004097999999999999	0.0	3000000.0	0.0	1.366e-10	0.0	0.5477225575051661	Memristive
157	-0.25	-3.62e-11	3.62e-11	6906077348.0662985	0.0	0.0	0.25	3.62e-11	22.655667635976933	0.0	3.62e-11	0.0	0.0036199999999999995	0.0	2500000.0	0.0	1.448e-10	0.0	0.5	Memristive
158	-0.2	-3.285e-11	3.285e-11	6088280060.882801	0.0	0.0	0.2	3.285e-11	22.529631458563827	0.0	3.285e-11	0.0	0.0032849999999999997	0.0	2000000.0000000002	0.0	1.6425e-10	0.0	0.4472135954999579	Memristive
159	-0.15	-4.494e-11	4.494e-11	3337783711.615487	0.0	0.0	0.15	4.494e-11	21.928572864285485	0.0	4.494e-11	0.0	0.004494	0.0	1500000.0	0.0	2.9960000000000003e-10	0.0	0.3872983346207417	Memristive
160	-0.1	1.725e-12	1.725e-12	-57971014492.753624	0.0	0.0	0.1	1.725e-12	24.78320897245118	0.0	1.725e-12	0.0	0.00017250000000000002	0.0	1000000.0000000001	0.0	1.725e-11	0.0	0.31622776601683794	Memristive
161	-0.05	-6.246e-13	6.246e-13	80051232788.98495	0.0	0.0	0.05	6.246e-13	25.105932676507717	0.0	6.246e-13	0.0	6.246000000000001e-05	0.0	500000.00000000006	0.0	1.2492e-11	0.0	0.22360679774997896	Memristive
162	0.0	4.163e-11	4.163e-11	0.0	0.0	4.163e-11	0.0	4.163e-11	0.0	4.163e-11	4.163e-11	0.0	0.0	0.0	0.0	0.0	0.0	0.0	0.0	Memristive
163	0.0	2.801e-11	2.801e-11	0.0	0.0	2.801e-11	0.0	2.801e-11	0.0	2.801e-11	2.801e-11	0.0	0.0	0.0	0.0	0.0	0.0	0.0	0.0	Memristive
164	0.05	9.066e-11	9.066e-11	551511140.5250386	0.05	9.066e-11	0.0	0.0	20.128172596861855	9.066e-11	0.0	0.009066000000000001	0.0	500000.00000000006	0.0	1.8132e-09	0.0	0.22360679774997896	0.0	Memristive
165	0.1	1.719e-10	1.719e-10	581733566.0267597	0.1	1.719e-10	0.0	0.0	20.181523110545697	1.719e-10	0.0	0.01719	0.0	1000000.0000000001	0.0	1.719e-09	0.0	0.31622776601683794	0.0	Memristive
166	0.15	3.339e-10	3.339e-10	449236298.29290205	0.15	3.339e-10	0.0	0.0	19.923059584093057	3.339e-10	0.0	0.033389999999999996	0.0	1500000.0	0.0	2.226e-09	0.0	0.3872983346207417	0.0	Memristive
167	0.2	6.764e-10	6.764e-10	295683027.79420465	0.2	6.764e-10	0.0	0.0	19.504798586470024	6.764e-10	0.0	0.06763999999999998	0.0	2000000.0000000002	0.0	3.3819999999999997e-09	0.0	0.4472135954999579	0.0	Memristive
168	0.25	9.896e-10	9.896e-10	252627324.1713824	0.25	9.896e-10	0.0	0.0	19.347425933730378	9.896e-10	0.0	0.09895999999999999	0.0	2500000.0	0.0	3.9584e-09	0.0	0.5	0.0	Memristive
169	0.3	1.475e-09	1.475e-09	203389830.50847456	0.3	1.475e-09	0.0	0.0	19.130635042828693	1.475e-09	0.0	0.1475	0.0	3000000.0	0.0	4.916666666666667e-09	0.0	0.5477225575051661	0.0	Memristive
170	0.35	2.121e-09	2.121e-09	165016501.650165	0.35	2.121e-09	0.0	0.0	18.921556036865187	2.121e-09	0.0	0.2121	0.0	3500000.0	0.0	6.06e-09	0.0	0.5916079783099616	0.0	Memristive
171	0.4	2.809e-09	2.809e-09	142399430.4022784	0.4	2.809e-09	0.0	0.0	18.77414655695015	2.809e-09	0.0	0.28090000000000004	0.0	4000000.0000000005	0.0	7.0225e-09	0.0	0.6324555320336759	0.0	Memristive
172	0.45	3.715e-09	3.715e-09	121130551.81695828	0.45	3.715e-09	0.0	0.0	18.612379462558916	3.715e-09	0.0	0.37149999999999994	0.0	4500000.0	0.0	8.255555555555556e-09	0.0	0.6708203932499369	0.0	Memristive
173	0.5	5.496e-09	5.496e-09	90975254.73071325	0.5	5.496e-09	0.0	0.0	18.326098101466417	5.496e-09	0.0	0.5496	0.0	5000000.0	0.0	1.0992e-08	0.0	0.7071067811865476	0.0	Memristive
174	0.55	6.669e-09	6.669e-09	82471135.10271406	0.55	6.669e-09	0.0	0.0	18.227958912540622	6.669e-09	0.0	0.6669	0.0	5500000.000000001	0.0	1.2125454545454544e-08	0.0	0.7416198487095663	0.0	Memristive
175	0.6	8.481e-09	8.481e-09	70746374.24831977	0.6	8.481e-09	0.0	0.0	18.074611845800856	8.481e-09	0.0	0.8480999999999999	0.0	6000000.0	0.0	1.4135e-08	0.0	0.7745966692414834	0.0	Memristive
176	0.65	1.005e-08	1.005e-08	64676616.91542289	0.65	1.005e-08	0.0	0.0	17.98491028634887	1.005e-08	0.0	1.0050000000000001	0.0	6500000.000000001	0.0	1.546153846153846e-08	0.0	0.806225774829855	0.0	Memristive
177	0.7	1.23e-08	1.23e-08	56910569.10569105	0.7	1.23e-08	0.0	0.0	17.856991630629306	1.23e-08	0.0	1.23	0.0	7000000.0	0.0	1.7571428571428573e-08	0.0	0.8366600265340756	0.0	Memristive
178	0.75	1.495e-08	1.495e-08	50167224.080267556	0.75	1.495e-08	0.0	0.0	17.730872464657935	1.495e-08	0.0	1.4949999999999999	0.0	7500000.0	0.0	1.9933333333333336e-08	0.0	0.8660254037844386	0.0	Memristive
179	0.8	1.632e-08	1.632e-08	49019607.84313726	0.8	1.632e-08	0.0	0.0	17.70773093609624	1.632e-08	0.0	1.632	0.0	8000000.000000001	0.0	2.0399999999999997e-08	0.0	0.8944271909999159	0.0	Memristive
180	0.85	1.929e-08	1.929e-08	44064282.01140487	0.85	1.929e-08	0.0	0.0	17.601160080531	1.929e-08	0.0	1.929	0.0	8500000.0	0.0	2.2694117647058824e-08	0.0	0.9219544457292888	0.0	Memristive
181	0.9	2.312e-08	2.312e-08	38927335.64013841	0.9	2.312e-08	0.0	0.0	17.477207277484407	2.312e-08	0.0	2.312	0.0	9000000.0	0.0	2.568888888888889e-08	0.0	0.9486832980505138	0.0	Memristive
182	0.95	2.452e-08	2.452e-08	38743882.54486133	0.95	2.452e-08	0.0	0.0	17.47248343149085	2.452e-08	0.0	2.4520000000000004	0.0	9500000.0	0.0	2.5810526315789477e-08	0.0	0.9746794344808963	0.0	Memristive
183	1.0	2.932e-08	2.932e-08	34106412.00545703	1.0	2.932e-08	0.0	0.0	17.34499595992796	2.932e-08	0.0	2.9319999999999995	0.0	10000000.0	0.0	2.932e-08	0.0	1.0	0.0	Memristive
184	1.05	3.094e-08	3.094e-08	33936651.58371041	1.05	3.094e-08	0.0	0.0	17.340006155970922	3.094e-08	0.0	3.094	0.0	10500000.0	0.0	2.9466666666666663e-08	0.0	1.02469507659596	0.0	Memristive
185	1.1	3.47e-08	3.47e-08	31700288.184438042	1.1	3.47e-08	0.0	0.0	17.27183632979792	3.47e-08	0.0	3.47	0.0	11000000.000000002	0.0	3.1545454545454544e-08	0.0	1.0488088481701516	0.0	Memristive
186	1.15	4.028e-08	4.028e-08	28550148.957298905	1.15	4.028e-08	0.0	0.0	17.16717271147121	4.028e-08	0.0	4.0280000000000005	0.0	11500000.0	0.0	3.502608695652174e-08	0.0	1.0723805294763609	0.0	Memristive
187	1.2	4.793e-08	4.793e-08	25036511.579386603	1.2	4.793e-08	0.0	0.0	17.035845780568827	4.793e-08	0.0	4.792999999999999	0.0	12000000.0	0.0	3.9941666666666665e-08	0.0	1.0954451150103321	0.0	Memristive
188	1.25	5.368e-08	5.368e-08	23286140.089418776	1.25	5.368e-08	0.0	0.0	16.963368895597196	5.368e-08	0.0	5.368	0.0	12500000.0	0.0	4.2944000000000004e-08	0.0	1.118033988749895	0.0	Memristive
189	1.3	5.77e-08	5.77e-08	22530329.289428078	1.3	5.77e-08	0.0	0.0	16.93037292789985	5.77e-08	0.0	5.7700000000000005	0.0	13000000.000000002	0.0	4.4384615384615383e-08	0.0	1.140175425099138	0.0	Memristive
190	1.35	6.624e-08	6.624e-08	20380434.782608695	1.35	6.624e-08	0.0	0.0	16.830085919319746	6.624e-08	0.0	6.624000000000001	0.0	13500000.000000002	0.0	4.906666666666666e-08	0.0	1.161895003862225	0.0	Memristive
191	1.4	6.867e-08	6.867e-08	20387359.836901117	1.4	6.867e-08	0.0	0.0	16.830425650935037	6.867e-08	0.0	6.867000000000002	0.0	14000000.0	0.0	4.9050000000000006e-08	0.0	1.1832159566199232	0.0	Memristive
192	1.45	7.665e-08	7.665e-08	18917155.903457273	1.45	7.665e-08	0.0	0.0	16.75557978806107	7.665e-08	0.0	7.665000000000001	0.0	14500000.0	0.0	5.286206896551724e-08	0.0	1.2041594578792296	0.0	Memristive
193	1.5	8.471e-08	8.471e-08	17707472.553417545	1.5	8.471e-08	0.0	0.0	16.689497286611115	8.471e-08	0.0	8.470999999999998	0.0	15000000.0	0.0	5.647333333333333e-08	0.0	1.224744871391589	0.0	Memristive
194	1.55	9.101e-08	9.101e-08	17031095.484012745	1.55	9.101e-08	0.0	0.0	16.650551377288302	9.101e-08	0.0	9.101	0.0	15500000.000000002	0.0	5.8716129032258065e-08	0.0	1.2449899597988732	0.0	Memristive
195	1.6	1.009e-07	1.009e-07	15857284.440039644	1.6	1.009e-07	0.0	0.0	16.57913953883258	1.009e-07	0.0	10.09	0.0	16000000.000000002	0.0	6.30625e-08	0.0	1.2649110640673518	0.0	Memristive
196	1.65	1.065e-07	1.065e-07	15492957.746478872	1.65	1.065e-07	0.0	0.0	16.55589613970942	1.065e-07	0.0	10.65	0.0	16500000.0	0.0	6.454545454545455e-08	0.0	1.284523257866513	0.0	Memristive
197	1.7	1.158e-07	1.158e-07	14680483.59240069	1.7	1.158e-07	0.0	0.0	16.502029522869687	1.158e-07	0.0	11.579999999999998	0.0	17000000.0	0.0	6.811764705882353e-08	0.0	1.3038404810405297	0.0	Memristive
198	1.75	1.201e-07	1.201e-07	14571190.674437968	1.75	1.201e-07	0.0	0.0	16.494556895795895	1.201e-07	0.0	12.010000000000002	0.0	17500000.0	0.0	6.862857142857142e-08	0.0	1.3228756555322954	0.0	Memristive
199	1.8	1.316e-07	1.316e-07	13677811.550151978	1.8	1.316e-07	0.0	0.0	16.431285482957314	1.316e-07	0.0	13.159999999999997	0.0	18000000.0	0.0	7.31111111111111e-08	0.0	1.3416407864998738	0.0	Memristive
200	1.85	1.396e-07	1.396e-07	13252148.99713467	1.85	1.396e-07	0.0	0.0	16.39967028570837	1.396e-07	0.0	13.959999999999997	0.0	18500000.0	0.0	7.545945945945945e-08	0.0	1.3601470508735443	0.0	Memristive
201	1.9	1.569e-07	1.569e-07	12109623.964308476	1.9	1.569e-07	0.0	0.0	16.30951106337982	1.569e-07	0.0	15.690000000000001	0.0	19000000.0	0.0	8.257894736842106e-08	0.0	1.378404875209022	0.0	Memristive
202	1.95	1.666e-07	1.666e-07	11704681.8727491	1.95	1.666e-07	0.0	0.0	16.275499479789325	1.666e-07	0.0	16.66	0.0	19500000.0	0.0	8.543589743589743e-08	0.0	1.396424004376894	0.0	Memristive
203	2.0	1.732e-07	1.732e-07	11547344.110854505	2.0	1.732e-07	0.0	0.0	16.261966021378022	1.732e-07	0.0	17.319999999999997	0.0	20000000.0	0.0	8.66e-08	0.0	1.4142135623730951	0.0	Memristive
204	2.0	2.065e-07	2.065e-07	9685230.024213076	2.0	2.065e-07	0.0	0.0	16.08611260510527	2.065e-07	0.0	20.65	0.0	20000000.0	0.0	1.0325e-07	0.0	1.4142135623730951	0.0	Memristive
205	1.95	1.897e-07	1.897e-07	10279388.508170795	1.95	1.897e-07	0.0	0.0	16.1456513325811	1.897e-07	0.0	18.970000000000002	0.0	19500000.0	0.0	9.728205128205129e-08	0.0	1.396424004376894	0.0	Memristive
206	1.9	1.77e-07	1.77e-07	10734463.276836157	1.9	1.77e-07	0.0	0.0	16.188969990544976	1.77e-07	0.0	17.700000000000003	0.0	19000000.0	0.0	9.315789473684212e-08	0.0	1.378404875209022	0.0	Memristive
207	1.85	1.636e-07	1.636e-07	11308068.4596577	1.85	1.636e-07	0.0	0.0	16.241027051868	1.636e-07	0.0	16.36	0.0	18500000.0	0.0	8.843243243243243e-08	0.0	1.3601470508735443	0.0	Memristive
208	1.8	1.501e-07	1.501e-07	11992005.329780146	1.8	1.501e-07	0.0	0.0	16.299750763209115	1.501e-07	0.0	15.01	0.0	18000000.0	0.0	8.338888888888889e-08	0.0	1.3416407864998738	0.0	Memristive
209	1.75	1.451e-07	1.451e-07	12060647.82908339	1.75	1.451e-07	0.0	0.0	16.30545846499169	1.451e-07	0.0	14.51	0.0	17500000.0	0.0	8.291428571428572e-08	0.0	1.3228756555322954	0.0	Memristive
210	1.7	1.305e-07	1.305e-07	13026819.923371647	1.7	1.305e-07	0.0	0.0	16.382520861245833	1.305e-07	0.0	13.05	0.0	17000000.0	0.0	7.676470588235295e-08	0.0	1.3038404810405297	0.0	Memristive
211	1.65	1.229e-07	1.229e-07	13425549.227013832	1.65	1.229e-07	0.0	0.0	16.41267010828691	1.229e-07	0.0	12.289999999999997	0.0	16500000.0	0.0	7.448484848484849e-08	0.0	1.284523257866513	0.0	Memristive
212	1.6	1.126e-07	1.126e-07	14209591.474245116	1.6	1.126e-07	0.0	0.0	16.469427750486556	1.126e-07	0.0	11.259999999999998	0.0	16000000.000000002	0.0	7.037499999999999e-08	0.0	1.2649110640673518	0.0	Memristive
213	1.55	1.068e-07	1.068e-07	14513108.61423221	1.55	1.068e-07	0.0	0.0	16.490562841351473	1.068e-07	0.0	10.679999999999998	0.0	15500000.000000002	0.0	6.890322580645161e-08	0.0	1.2449899597988732	0.0	Memristive
214	1.5	9.259e-08	9.259e-08	16200453.612701155	1.5	9.259e-08	0.0	0.0	16.60054980059462	9.259e-08	0.0	9.259	0.0	15000000.0	0.0	6.172666666666666e-08	0.0	1.224744871391589	0.0	Memristive
215	1.45	8.297e-08	8.297e-08	17476196.21549958	1.45	8.297e-08	0.0	0.0	16.6763502967027	8.297e-08	0.0	8.296999999999999	0.0	14500000.0	0.0	5.722068965517241e-08	0.0	1.2041594578792296	0.0	Memristive
216	1.4	7.686e-08	7.686e-08	18214936.247723132	1.4	7.686e-08	0.0	0.0	16.717752488430925	7.686e-08	0.0	7.686000000000001	0.0	14000000.0	0.0	5.49e-08	0.0	1.1832159566199232	0.0	Memristive
217	1.35	6.866e-08	6.866e-08	19662103.11680746	1.35	6.866e-08	0.0	0.0	16.794203641367204	6.866e-08	0.0	6.865999999999999	0.0	13500000.000000002	0.0	5.0859259259259254e-08	0.0	1.161895003862225	0.0	Memristive
218	1.3	6.355e-08	6.355e-08	20456333.595594022	1.3	6.355e-08	0.0	0.0	16.83380310377844	6.355e-08	0.0	6.3549999999999995	0.0	13000000.000000002	0.0	4.888461538461538e-08	0.0	1.140175425099138	0.0	Memristive
219	1.25	5.974e-08	5.974e-08	20924004.01740877	1.25	5.974e-08	0.0	0.0	16.85640757547266	5.974e-08	0.0	5.974	0.0	12500000.0	0.0	4.7792e-08	0.0	1.118033988749895	0.0	Memristive
220	1.2	5.194e-08	5.194e-08	23103581.055063535	1.2	5.194e-08	0.0	0.0	16.955498187505764	5.194e-08	0.0	5.194	0.0	12000000.0	0.0	4.3283333333333334e-08	0.0	1.0954451150103321	0.0	Memristive
221	1.15	4.893e-08	4.893e-08	23502963.417126503	1.15	4.893e-08	0.0	0.0	16.972637074020536	4.893e-08	0.0	4.893000000000001	0.0	11500000.0	0.0	4.2547826086956524e-08	0.0	1.0723805294763609	0.0	Memristive
222	1.1	4.234e-08	4.234e-08	25980160.604629193	1.1	4.234e-08	0.0	0.0	17.072843751044015	4.234e-08	0.0	4.234	0.0	11000000.000000002	0.0	3.8490909090909086e-08	0.0	1.0488088481701516	0.0	Memristive
223	1.05	3.174e-08	3.174e-08	33081285.44423441	1.05	3.174e-08	0.0	0.0	17.31447828601758	3.174e-08	0.0	3.1739999999999995	0.0	10500000.0	0.0	3.0228571428571425e-08	0.0	1.02469507659596	0.0	Memristive
224	1.0	2.593e-08	2.593e-08	38565368.299267255	1.0	2.593e-08	0.0	0.0	17.467865237395838	2.593e-08	0.0	2.593	0.0	10000000.0	0.0	2.593e-08	0.0	1.0	0.0	Memristive
225	0.95	2.557e-08	2.557e-08	37152913.57059053	0.95	2.557e-08	0.0	0.0	17.430552753255764	2.557e-08	0.0	2.557	0.0	9500000.0	0.0	2.6915789473684213e-08	0.0	0.9746794344808963	0.0	Memristive
226	0.9	2.107e-08	2.107e-08	42714760.322733745	0.9	2.107e-08	0.0	0.0	17.570055093472487	2.107e-08	0.0	2.1069999999999998	0.0	9000000.0	0.0	2.341111111111111e-08	0.0	0.9486832980505138	0.0	Memristive
227	0.85	1.73e-08	1.73e-08	49132947.97687861	0.85	1.73e-08	0.0	0.0	17.710040405944902	1.73e-08	0.0	1.7299999999999998	0.0	8500000.0	0.0	2.0352941176470588e-08	0.0	0.9219544457292888	0.0	Memristive
228	0.8	1.52e-08	1.52e-08	52631578.94736842	0.8	1.52e-08	0.0	0.0	17.778826857779972	1.52e-08	0.0	1.5200000000000002	0.0	8000000.000000001	0.0	1.8999999999999998e-08	0.0	0.8944271909999159	0.0	Memristive
229	0.75	1.221e-08	1.221e-08	61425061.42506143	0.75	1.221e-08	0.0	0.0	17.93332847637202	1.221e-08	0.0	1.2209999999999999	0.0	7500000.0	0.0	1.628e-08	0.0	0.8660254037844386	0.0	Memristive
230	0.7	9.73e-09	9.73e-09	71942446.04316546	0.7	9.73e-09	0.0	0.0	18.091376996809764	9.73e-09	0.0	0.9729999999999999	0.0	7000000.0	0.0	1.39e-08	0.0	0.8366600265340756	0.0	Memristive
231	0.65	7.484e-09	7.484e-09	86851950.828434	0.65	7.484e-09	0.0	0.0	18.279715512442113	7.484e-09	0.0	0.7483999999999998	0.0	6500000.000000001	0.0	1.1513846153846153e-08	0.0	0.806225774829855	0.0	Memristive
232	0.6	6.985e-09	6.985e-09	85898353.61488904	0.6	6.985e-09	0.0	0.0	18.268675220471494	6.985e-09	0.0	0.6985	0.0	6000000.0	0.0	1.1641666666666667e-08	0.0	0.7745966692414834	0.0	Memristive
233	0.55	4.307e-09	4.307e-09	127699094.49732994	0.55	4.307e-09	0.0	0.0	18.665187230118818	4.307e-09	0.0	0.43069999999999997	0.0	5500000.000000001	0.0	7.83090909090909e-09	0.0	0.7416198487095663	0.0	Memristive
234	0.5	3.592e-09	3.592e-09	139198218.26280624	0.5	3.592e-09	0.0	0.0	18.751409505946512	3.592e-09	0.0	0.3591999999999999	0.0	5000000.0	0.0	7.184e-09	0.0	0.7071067811865476	0.0	Memristive
235	0.45	2.454e-09	2.454e-09	183374083.12958434	0.45	2.454e-09	0.0	0.0	19.02703879443992	2.454e-09	0.0	0.2454	0.0	4500000.0	0.0	5.4533333333333335e-09	0.0	0.6708203932499369	0.0	Memristive
236	0.4	1.658e-09	1.658e-09	241254523.52231604	0.4	1.658e-09	0.0	0.0	19.301363048359153	1.658e-09	0.0	0.16580000000000003	0.0	4000000.0000000005	0.0	4.145e-09	0.0	0.6324555320336759	0.0	Memristive
237	0.35	1.089e-09	1.089e-09	321395775.9412305	0.35	1.089e-09	0.0	0.0	19.58818386849691	1.089e-09	0.0	0.10890000000000001	0.0	3500000.0	0.0	3.111428571428572e-09	0.0	0.5916079783099616	0.0	Memristive
238	0.3	5.433e-10	5.433e-10	552181115.4058532	0.3	5.433e-10	0.0	0.0	20.129386658045135	5.433e-10	0.0	0.054329999999999996	0.0	3000000.0	0.0	1.811e-09	0.0	0.5477225575051661	0.0	Memristive
239	0.25	3.379e-10	3.379e-10	739863865.048831	0.25	3.379e-10	0.0	0.0	20.421976761088413	3.379e-10	0.0	0.033789999999999994	0.0	2500000.0	0.0	1.3516e-09	0.0	0.5	0.0	Memristive
240	0.2	1.876e-10	1.876e-10	1066098081.0234542	0.2	1.876e-10	0.0	0.0	20.787271166922324	1.876e-10	0.0	0.01876	0.0	2000000.0000000002	0.0	9.379999999999999e-10	0.0	0.4472135954999579	0.0	Memristive
241	0.15	6.619e-11	6.619e-11	2266203353.9809637	0.15	6.619e-11	0.0	0.0	21.541371736911834	6.619e-11	0.0	0.006619000000000001	0.0	1500000.0	0.0	4.412666666666667e-10	0.0	0.3872983346207417	0.0	Memristive
242	0.1	1.543e-11	1.543e-11	6480881399.870383	0.1	1.543e-11	0.0	0.0	22.592122356559432	1.543e-11	0.0	0.0015429999999999997	0.0	1000000.0000000001	0.0	1.5429999999999997e-10	0.0	0.31622776601683794	0.0	Memristive
243	0.05	-8.246e-12	8.246e-12	-6063545961.67839	0.05	-8.246e-12	0.0	0.0	22.525560608089847	8.246e-12	0.0	-0.0008246	0.0	500000.00000000006	0.0	-1.6491999999999998e-10	0.0	0.22360679774997896	0.0	Memristive
244	0.0	-1.55e-11	1.55e-11	-0.0	0.0	-1.55e-11	0.0	1.55e-11	0.0	1.55e-11	1.55e-11	0.0	0.0	0.0	0.0	0.0	0.0	0.0	0.0	Memristive
245	-0.05	-2.252e-11	2.252e-11	2220248667.8507996	0.0	0.0	0.05	2.252e-11	21.520885039103067	0.0	2.252e-11	0.0	0.002252	0.0	500000.00000000006	0.0	4.5039999999999996e-10	0.0	0.22360679774997896	Memristive
246	-0.1	-3.01e-11	3.01e-11	3322259136.212625	0.0	0.0	0.1	3.01e-11	21.923910851179674	0.0	3.01e-11	0.0	0.0030099999999999997	0.0	1000000.0000000001	0.0	3.0099999999999994e-10	0.0	0.31622776601683794	Memristive
247	-0.15	-3.07e-11	3.07e-11	4885993485.342019	0.0	0.0	0.15	3.07e-11	22.309638476449514	0.0	3.07e-11	0.0	0.00307	0.0	1500000.0	0.0	2.0466666666666668e-10	0.0	0.3872983346207417	Memristive
248	-0.2	-3.698e-11	3.698e-11	5408328826.392645	0.0	0.0	0.2	3.698e-11	22.41120597753547	0.0	3.698e-11	0.0	0.0036980000000000003	0.0	2000000.0000000002	0.0	1.8489999999999998e-10	0.0	0.4472135954999579	Memristive
249	-0.25	-5.892e-11	5.892e-11	4243041412.084182	0.0	0.0	0.25	5.892e-11	22.168546163214227	0.0	5.892e-11	0.0	0.005892	0.0	2500000.0	0.0	2.3568e-10	0.0	0.5	Memristive
250	-0.3	-9.438e-11	9.438e-11	3178639542.2759056	0.0	0.0	0.3	9.438e-11	21.87971912530437	0.0	9.438e-11	0.0	0.009438	0.0	3000000.0	0.0	3.1460000000000003e-10	0.0	0.5477225575051661	Memristive
251	-0.35	-1.225e-10	1.225e-10	2857142857.142857	0.0	0.0	0.35	1.225e-10	21.77308796144509	0.0	1.225e-10	0.0	0.012249999999999999	0.0	3500000.0	0.0	3.5e-10	0.0	0.5916079783099616	Memristive
252	-0.4	-1.115e-10	1.115e-10	3587443946.188341	0.0	0.0	0.4	1.115e-10	22.00070579315422	0.0	1.115e-10	0.0	0.01115	0.0	4000000.0000000005	0.0	2.7875e-10	0.0	0.6324555320336759	Memristive
253	-0.45	-9.301e-11	9.301e-11	4838189441.995484	0.0	0.0	0.45	9.301e-11	22.2998064054564	0.0	9.301e-11	0.0	0.009300999999999999	0.0	4500000.0	0.0	2.0668888888888887e-10	0.0	0.6708203932499369	Memristive
254	-0.5	-9.394e-11	9.394e-11	5322546306.1528635	0.0	0.0	0.5	9.394e-11	22.395217654769755	0.0	9.394e-11	0.0	0.009394	0.0	5000000.0	0.0	1.8788e-10	0.0	0.7071067811865476	Memristive
255	-0.55	-1.051e-10	1.051e-10	5233111322.5499525	0.0	0.0	0.55	1.051e-10	22.378271837290022	0.0	1.051e-10	0.0	0.01051	0.0	5500000.000000001	0.0	1.9109090909090907e-10	0.0	0.7416198487095663	Memristive
256	-0.6	-1.129e-10	1.129e-10	5314437555.358724	0.0	0.0	0.6	1.129e-10	22.393693021006943	0.0	1.129e-10	0.0	0.011290000000000001	0.0	6000000.0	0.0	1.881666666666667e-10	0.0	0.7745966692414834	Memristive
257	-0.65	-1.247e-10	1.247e-10	5212510024.057739	0.0	0.0	0.65	1.247e-10	22.374327347150103	0.0	1.247e-10	0.0	0.01247	0.0	6500000.000000001	0.0	1.9184615384615382e-10	0.0	0.806225774829855	Memristive
258	-0.7	-1.326e-10	1.326e-10	5279034690.799396	0.0	0.0	0.7	1.326e-10	22.387009094238053	0.0	1.326e-10	0.0	0.013260000000000001	0.0	7000000.0	0.0	1.8942857142857145e-10	0.0	0.8366600265340756	Memristive
259	-0.75	-1.495e-10	1.495e-10	5016722408.026756	0.0	0.0	0.75	1.495e-10	22.336042650646025	0.0	1.495e-10	0.0	0.014949999999999998	0.0	7500000.0	0.0	1.9933333333333334e-10	0.0	0.8660254037844386	Memristive
260	-0.8	-1.701e-10	1.701e-10	4703115814.226925	0.0	0.0	0.8	1.701e-10	22.271491065212523	0.0	1.701e-10	0.0	0.017010000000000004	0.0	8000000.000000001	0.0	2.12625e-10	0.0	0.8944271909999159	Memristive
261	-0.85	-1.629e-10	1.629e-10	5217925107.42787	0.0	0.0	0.85	1.629e-10	22.375365670822774	0.0	1.629e-10	0.0	0.01629	0.0	8500000.0	0.0	1.916470588235294e-10	0.0	0.9219544457292888	Memristive
262	-0.9	-1.724e-10	1.724e-10	5220417633.410673	0.0	0.0	0.9	1.724e-10	22.375843242041128	0.0	1.724e-10	0.0	0.01724	0.0	9000000.0	0.0	1.9155555555555555e-10	0.0	0.9486832980505138	Memristive
263	-0.95	-1.724e-10	1.724e-10	5510440835.266821	0.0	0.0	0.95	1.724e-10	22.429910463311405	0.0	1.724e-10	0.0	0.017240000000000002	0.0	9500000.0	0.0	1.814736842105263e-10	0.0	0.9746794344808963	Memristive
264	-1.0	-1.803e-10	1.803e-10	5546311702.717693	0.0	0.0	1.0	1.803e-10	22.436398985719276	0.0	1.803e-10	0.0	0.018029999999999997	0.0	10000000.0	0.0	1.803e-10	0.0	1.0	Memristive
265	-1.05	-1.859e-10	1.859e-10	5648197955.890264	0.0	0.0	1.05	1.859e-10	22.45460238537058	0.0	1.859e-10	0.0	0.01859	0.0	10500000.0	0.0	1.7704761904761903e-10	0.0	1.02469507659596	Memristive
266	-1.1	-2.146e-10	2.146e-10	5125815470.643058	0.0	0.0	1.1	2.146e-10	22.357555465536276	0.0	2.146e-10	0.0	0.021459999999999996	0.0	11000000.000000002	0.0	1.9509090909090906e-10	0.0	1.0488088481701516	Memristive
267	-1.15	-2.323e-10	2.323e-10	4950495049.504951	0.0	0.0	1.15	2.323e-10	22.322753418527345	0.0	2.323e-10	0.0	0.02323	0.0	11500000.0	0.0	2.02e-10	0.0	1.0723805294763609	Memristive
268	-1.2	-2.229e-10	2.229e-10	5383580080.753701	0.0	0.0	1.2	2.229e-10	22.40661943233068	0.0	2.229e-10	0.0	0.022289999999999997	0.0	12000000.0	0.0	1.8575e-10	0.0	1.0954451150103321	Memristive
269	-1.25	-2.175e-10	2.175e-10	5747126436.78161	0.0	0.0	1.25	2.175e-10	22.471965816714018	0.0	2.175e-10	0.0	0.02175	0.0	12500000.0	0.0	1.74e-10	0.0	1.118033988749895	Memristive
270	-1.3	-2.537e-10	2.537e-10	5124162396.531336	0.0	0.0	1.3	2.537e-10	22.357232913790803	0.0	2.537e-10	0.0	0.025370000000000004	0.0	13000000.000000002	0.0	1.9515384615384616e-10	0.0	1.140175425099138	Memristive
271	-1.35	-2.494e-10	2.494e-10	5412991178.82919	0.0	0.0	1.35	2.494e-10	22.41206767513295	0.0	2.494e-10	0.0	0.02494	0.0	13500000.000000002	0.0	1.8474074074074072e-10	0.0	1.161895003862225	Memristive
272	-1.4	-2.618e-10	2.618e-10	5347593582.8877	0.0	0.0	1.4	2.618e-10	22.399912499073963	0.0	2.618e-10	0.0	0.02618	0.0	14000000.0	0.0	1.8700000000000003e-10	0.0	1.1832159566199232	Memristive
273	-1.45	-2.778e-10	2.778e-10	5219582433.405327	0.0	0.0	1.45	2.778e-10	22.375683242040786	0.0	2.778e-10	0.0	0.027780000000000006	0.0	14500000.0	0.0	1.9158620689655173e-10	0.0	1.2041594578792296	Memristive
274	-1.5	-2.706e-10	2.706e-10	5543237250.554324	0.0	0.0	1.5	2.706e-10	22.435844508300026	0.0	2.706e-10	0.0	0.027059999999999997	0.0	15000000.0	0.0	1.804e-10	0.0	1.224744871391589	Memristive
275	-1.55	-2.834e-10	2.834e-10	5469301340.860973	0.0	0.0	1.55	2.834e-10	22.422416719603124	0.0	2.834e-10	0.0	0.028340000000000004	0.0	15500000.000000002	0.0	1.8283870967741937e-10	0.0	1.2449899597988732	Memristive
276	-1.6	-2.55e-10	2.55e-10	6274509803.921569	0.0	0.0	1.6	2.55e-10	22.559761200015856	0.0	2.55e-10	0.0	0.0255	0.0	16000000.000000002	0.0	1.5937499999999998e-10	0.0	1.2649110640673518	Memristive
277	-1.65	-2.377e-10	2.377e-10	6941522928.060579	0.0	0.0	1.65	2.377e-10	22.66078702947489	0.0	2.377e-10	0.0	0.02377	0.0	16500000.0	0.0	1.4406060606060607e-10	0.0	1.284523257866513	Memristive
278	-1.7	-2.647e-10	2.647e-10	6422364941.443144	0.0	0.0	1.7	2.647e-10	22.583052257757664	0.0	2.647e-10	0.0	0.026469999999999997	0.0	17000000.0	0.0	1.5570588235294118e-10	0.0	1.3038404810405297	Memristive
279	-1.75	-2.984e-10	2.984e-10	5864611260.053618	0.0	0.0	1.75	2.984e-10	22.492202035534365	0.0	2.984e-10	0.0	0.029840000000000002	0.0	17500000.0	0.0	1.7051428571428574e-10	0.0	1.3228756555322954	Memristive
280	-1.8	-2.949e-10	2.949e-10	6103763987.792473	0.0	0.0	1.8	2.949e-10	22.532171465009437	0.0	2.949e-10	0.0	0.029489999999999992	0.0	18000000.0	0.0	1.638333333333333e-10	0.0	1.3416407864998738	Memristive
281	-1.85	-2.99e-10	2.99e-10	6187290969.899666	0.0	0.0	1.85	2.99e-10	22.545763181628097	0.0	2.99e-10	0.0	0.029899999999999996	0.0	18500000.0	0.0	1.616216216216216e-10	0.0	1.3601470508735443	Memristive
282	-1.9	-3.136e-10	3.136e-10	6058673469.387755	0.0	0.0	1.9	3.136e-10	22.52475671362469	0.0	3.136e-10	0.0	0.03136	0.0	19000000.0	0.0	1.6505263157894737e-10	0.0	1.378404875209022	Memristive
283	-1.95	-3.092e-10	3.092e-10	6306597671.41009	0.0	0.0	1.95	3.092e-10	22.564862171790935	0.0	3.092e-10	0.0	0.030919999999999996	0.0	19500000.0	0.0	1.5856410256410256e-10	0.0	1.396424004376894	Memristive
284	-2.0	-3.096e-10	3.096e-10	6459948320.413437	0.0	0.0	2.0	3.096e-10	22.588887154772923	0.0	3.096e-10	0.0	0.030959999999999998	0.0	20000000.0	0.0	1.548e-10	0.0	1.4142135623730951	Memristive
285	-2.0	-4.486e-10	4.486e-10	4458314757.021846	0.0	0.0	2.0	4.486e-10	22.218036674402384	0.0	4.486e-10	0.0	0.04486	0.0	20000000.0	0.0	2.243e-10	0.0	1.4142135623730951	Memristive
286	-1.95	-3.65e-10	3.65e-10	5342465753.424658	0.0	0.0	1.95	3.65e-10	22.39895313492171	0.0	3.65e-10	0.0	0.0365	0.0	19500000.0	0.0	1.8717948717948717e-10	0.0	1.396424004376894	Memristive
287	-1.9	-3.354e-10	3.354e-10	5664877757.901013	0.0	0.0	1.9	3.354e-10	22.457551152711833	0.0	3.354e-10	0.0	0.03354	0.0	19000000.0	0.0	1.765263157894737e-10	0.0	1.378404875209022	Memristive
288	-1.85	-3.377e-10	3.377e-10	5478235119.928931	0.0	0.0	1.85	3.377e-10	22.42404882762726	0.0	3.377e-10	0.0	0.033769999999999994	0.0	18500000.0	0.0	1.8254054054054053e-10	0.0	1.3601470508735443	Memristive
289	-1.8	-3.422e-10	3.422e-10	5260081823.495032	0.0	0.0	1.8	3.422e-10	22.383412419372576	0.0	3.422e-10	0.0	0.034219999999999993	0.0	18000000.0	0.0	1.9011111111111112e-10	0.0	1.3416407864998738	Memristive
290	-1.75	-2.853e-10	2.853e-10	6133894146.512444	0.0	0.0	1.75	2.853e-10	22.537095645644516	0.0	2.853e-10	0.0	0.028529999999999996	0.0	17500000.0	0.0	1.6302857142857141e-10	0.0	1.3228756555322954	Memristive
291	-1.7	-3.16e-10	3.16e-10	5379746835.443038	0.0	0.0	1.7	3.16e-10	22.405907153403806	0.0	3.16e-10	0.0	0.031599999999999996	0.0	17000000.0	0.0	1.8588235294117646e-10	0.0	1.3038404810405297	Memristive
292	-1.65	-2.711e-10	2.711e-10	6086315012.910364	0.0	0.0	1.65	2.711e-10	22.529308647336418	0.0	2.711e-10	0.0	0.027110000000000002	0.0	16500000.0	0.0	1.6430303030303032e-10	0.0	1.284523257866513	Memristive
293	-1.6	-2.8e-10	2.8e-10	5714285714.285714	0.0	0.0	1.6	2.8e-10	22.466235142005033	0.0	2.8e-10	0.0	0.028	0.0	16000000.000000002	0.0	1.75e-10	0.0	1.2649110640673518	Memristive
294	-1.55	-2.793e-10	2.793e-10	5549588256.355174	0.0	0.0	1.55	2.793e-10	22.436989573908573	0.0	2.793e-10	0.0	0.027930000000000003	0.0	15500000.000000002	0.0	1.8019354838709678e-10	0.0	1.2449899597988732	Memristive
295	-1.5	-3.522e-10	3.522e-10	4258943781.9420786	0.0	0.0	1.5	3.522e-10	22.17228702797461	0.0	3.522e-10	0.0	0.035219999999999994	0.0	15000000.0	0.0	2.348e-10	0.0	1.224744871391589	Memristive
296	-1.45	-3.752e-10	3.752e-10	3864605543.710021	0.0	0.0	1.45	3.752e-10	22.07512545522896	0.0	3.752e-10	0.0	0.037520000000000005	0.0	14500000.0	0.0	2.5875862068965516e-10	0.0	1.2041594578792296	Memristive
297	-1.4	-2.752e-10	2.752e-10	5087209302.325582	0.0	0.0	1.4	2.752e-10	22.349995246490572	0.0	2.752e-10	0.0	0.02752	0.0	14000000.0	0.0	1.9657142857142856e-10	0.0	1.1832159566199232	Memristive
298	-1.35	-2.251e-10	2.251e-10	5997334517.992003	0.0	0.0	1.35	2.251e-10	22.5145809604662	0.0	2.251e-10	0.0	0.022510000000000002	0.0	13500000.000000002	0.0	1.6674074074074073e-10	0.0	1.161895003862225	Memristive
299	-1.3	-2.51e-10	2.51e-10	5179282868.525896	0.0	0.0	1.3	2.51e-10	22.367932441264255	0.0	2.51e-10	0.0	0.025100000000000004	0.0	13000000.000000002	0.0	1.9307692307692307e-10	0.0	1.140175425099138	Memristive
300	-1.25	-2.229e-10	2.229e-10	5607895917.451772	0.0	0.0	1.25	2.229e-10	22.447441426850936	0.0	2.229e-10	0.0	0.02229	0.0	12500000.0	0.0	1.7832e-10	0.0	1.118033988749895	Memristive
301	-1.2	-2.214e-10	2.214e-10	5420054200.542006	0.0	0.0	1.2	2.214e-10	22.413371652447967	0.0	2.214e-10	0.0	0.02214	0.0	12000000.0	0.0	1.845e-10	0.0	1.0954451150103321	Memristive
302	-1.15	-2.288e-10	2.288e-10	5026223776.223776	0.0	0.0	1.15	2.288e-10	22.337934798798063	0.0	2.288e-10	0.0	0.02288	0.0	11500000.0	0.0	1.9895652173913045e-10	0.0	1.0723805294763609	Memristive
303	-1.1	-2.12e-10	2.12e-10	5188679245.283019	0.0	0.0	1.1	2.12e-10	22.36974502106086	0.0	2.12e-10	0.0	0.0212	0.0	11000000.000000002	0.0	1.927272727272727e-10	0.0	1.0488088481701516	Memristive
304	-1.05	-1.661e-10	1.661e-10	6321493076.459964	0.0	0.0	1.05	1.661e-10	22.567221263478732	0.0	1.661e-10	0.0	0.01661	0.0	10500000.0	0.0	1.5819047619047619e-10	0.0	1.02469507659596	Memristive
305	-1.0	-2.3e-10	2.3e-10	4347826086.956522	0.0	0.0	1.0	2.3e-10	22.192941807005354	0.0	2.3e-10	0.0	0.023	0.0	10000000.0	0.0	2.3e-10	0.0	1.0	Memristive
306	-0.95	-2.377e-10	2.377e-10	3996634413.125788	0.0	0.0	0.95	2.377e-10	22.108718447174848	0.0	2.377e-10	0.0	0.023770000000000003	0.0	9500000.0	0.0	2.502105263157895e-10	0.0	0.9746794344808963	Memristive
307	-0.9	-2.624e-10	2.624e-10	3429878048.780488	0.0	0.0	0.9	2.624e-10	21.955790543200788	0.0	2.624e-10	0.0	0.026239999999999996	0.0	9000000.0	0.0	2.9155555555555557e-10	0.0	0.9486832980505138	Memristive
308	-0.85	-1.443e-10	1.443e-10	5890505890.50589	0.0	0.0	0.85	1.443e-10	22.49660772065095	0.0	1.443e-10	0.0	0.01443	0.0	8500000.0	0.0	1.6976470588235295e-10	0.0	0.9219544457292888	Memristive
309	-0.8	-1.478e-10	1.478e-10	5412719891.745603	0.0	0.0	0.8	1.478e-10	22.41201755610024	0.0	1.478e-10	0.0	0.01478	0.0	8000000.000000001	0.0	1.8474999999999998e-10	0.0	0.8944271909999159	Memristive
310	-0.75	-1.336e-10	1.336e-10	5613772455.08982	0.0	0.0	0.75	1.336e-10	22.448488782374223	0.0	1.336e-10	0.0	0.01336	0.0	7500000.0	0.0	1.7813333333333335e-10	0.0	0.8660254037844386	Memristive
311	-0.7	-1.481e-10	1.481e-10	4726536124.240377	0.0	0.0	0.7	1.481e-10	22.276458450716063	0.0	1.481e-10	0.0	0.01481	0.0	7000000.0	0.0	2.115714285714286e-10	0.0	0.8366600265340756	Memristive
312	-0.65	-1.586e-10	1.586e-10	4098360655.737705	0.0	0.0	0.65	1.586e-10	22.133852890635346	0.0	1.586e-10	0.0	0.015860000000000003	0.0	6500000.000000001	0.0	2.44e-10	0.0	0.806225774829855	Memristive
313	-0.6	-1.293e-10	1.293e-10	4640371229.698376	0.0	0.0	0.6	1.293e-10	22.258060206384744	0.0	1.293e-10	0.0	0.01293	0.0	6000000.0	0.0	2.1550000000000003e-10	0.0	0.7745966692414834	Memristive
314	-0.55	-9.032e-11	9.032e-11	6089459698.848538	0.0	0.0	0.55	9.032e-11	22.529825195331522	0.0	9.032e-11	0.0	0.009032000000000002	0.0	5500000.000000001	0.0	1.6421818181818182e-10	0.0	0.7416198487095663	Memristive
315	-0.5	-9.302e-11	9.302e-11	5375188131.584605	0.0	0.0	0.5	9.302e-11	22.40505941157265	0.0	9.302e-11	0.0	0.009302	0.0	5000000.0	0.0	1.8604e-10	0.0	0.7071067811865476	Memristive
316	-0.45	-9.064e-11	9.064e-11	4964695498.676082	0.0	0.0	0.45	9.064e-11	22.325617802991026	0.0	9.064e-11	0.0	0.009064	0.0	4500000.0	0.0	2.0142222222222222e-10	0.0	0.6708203932499369	Memristive
317	-0.4	-7.688e-11	7.688e-11	5202913631.633716	0.0	0.0	0.4	7.688e-11	22.372484619392356	0.0	7.688e-11	0.0	0.007687999999999999	0.0	4000000.0000000005	0.0	1.922e-10	0.0	0.6324555320336759	Memristive
318	-0.35	-6.888e-11	6.888e-11	5081300813.00813	0.0	0.0	0.35	6.888e-11	22.348833131310396	0.0	6.888e-11	0.0	0.006887999999999999	0.0	3500000.0	0.0	1.968e-10	0.0	0.5916079783099616	Memristive
319	-0.3	-5.698e-11	5.698e-11	5265005265.005265	0.0	0.0	0.3	5.698e-11	22.38434798253285	0.0	5.698e-11	0.0	0.005698	0.0	3000000.0	0.0	1.8993333333333333e-10	0.0	0.5477225575051661	Memristive
320	-0.25	-5.166e-11	5.166e-11	4839334107.626791	0.0	0.0	0.25	5.166e-11	22.300042967140964	0.0	5.166e-11	0.0	0.005166	0.0	2500000.0	0.0	2.0664e-10	0.0	0.5	Memristive
321	-0.2	-6.731e-11	6.731e-11	2971326697.370376	0.0	0.0	0.2	6.731e-11	21.812274389471828	0.0	6.731e-11	0.0	0.006731	0.0	2000000.0000000002	0.0	3.3655e-10	0.0	0.4472135954999579	Memristive
322	-0.15	-3.739e-11	3.739e-11	4011767852.366943	0.0	0.0	0.15	3.739e-11	22.112497842053646	0.0	3.739e-11	0.0	0.0037389999999999997	0.0	1500000.0	0.0	2.4926666666666666e-10	0.0	0.3872983346207417	Memristive
323	-0.1	-1.807e-11	1.807e-11	5534034311.012729	0.0	0.0	0.1	1.807e-11	22.434182918330364	0.0	1.807e-11	0.0	0.001807	0.0	1000000.0000000001	0.0	1.8069999999999998e-10	0.0	0.31622776601683794	Memristive
324	-0.05	1.183e-11	1.183e-11	-4226542688.08115	0.0	0.0	0.05	1.183e-11	22.164650164384263	0.0	1.183e-11	0.0	0.0011829999999999998	0.0	500000.00000000006	0.0	2.366e-10	0.0	0.22360679774997896	Memristive
325	0.0	4.329e-11	4.329e-11	0.0	0.0	4.329e-11	0.0	4.329e-11	0.0	4.329e-11	4.329e-11	0.0	0.0	0.0	0.0	0.0	0.0	0.0	0.0	Memristive
326	0.0	2.983e-11	2.983e-11	0.0	0.0	2.983e-11	0.0	2.983e-11	0.0	2.983e-11	2.983e-11	0.0	0.0	0.0	0.0	0.0	0.0	0.0	0.0	Memristive
327	0.05	1.09e-10	1.09e-10	458715596.33027524	0.05	1.09e-10	0.0	0.0	19.943940960145415	1.09e-10	0.0	0.010900000000000002	0.0	500000.00000000006	0.0	2.18e-09	0.0	0.22360679774997896	0.0	Memristive
328	0.1	1.972e-10	1.972e-10	507099391.48073024	0.1	1.972e-10	0.0	0.0	20.044217580765967	1.972e-10	0.0	0.019719999999999998	0.0	1000000.0000000001	0.0	1.972e-09	0.0	0.31622776601683794	0.0	Memristive
329	0.15	3.969e-10	3.969e-10	377928949.35752076	0.15	3.969e-10	0.0	0.0	19.750216771253648	3.969e-10	0.0	0.03969	0.0	1500000.0	0.0	2.646e-09	0.0	0.3872983346207417	0.0	Memristive
330	0.2	5.343e-10	5.343e-10	374321542.2047539	0.2	5.343e-10	0.0	0.0	19.740625724530723	5.343e-10	0.0	0.053430000000000005	0.0	2000000.0000000002	0.0	2.6714999999999997e-09	0.0	0.4472135954999579	0.0	Memristive
331	0.25	7.827e-10	7.827e-10	319407180.2734125	0.25	7.827e-10	0.0	0.0	19.581977273997865	7.827e-10	0.0	0.07826999999999999	0.0	2500000.0	0.0	3.1308e-09	0.0	0.5	0.0	Memristive
332	0.3	1.335e-09	1.335e-09	224719101.12359548	0.3	1.335e-09	0.0	0.0	19.230361740768263	1.335e-09	0.0	0.1335	0.0	3000000.0	0.0	4.45e-09	0.0	0.5477225575051661	0.0	Memristive
333	0.35	1.97e-09	1.97e-09	177664974.61928934	0.35	1.97e-09	0.0	0.0	18.995410169697838	1.97e-09	0.0	0.197	0.0	3500000.0	0.0	5.628571428571429e-09	0.0	0.5916079783099616	0.0	Memristive
334	0.4	3.244e-09	3.244e-09	123304562.26880395	0.4	3.244e-09	0.0	0.0	18.63016796881909	3.244e-09	0.0	0.3244	0.0	4000000.0000000005	0.0	8.11e-09	0.0	0.6324555320336759	0.0	Memristive
335	0.45	3.687e-09	3.687e-09	122050447.51830757	0.45	3.687e-09	0.0	0.0	18.61994502147663	3.687e-09	0.0	0.3687	0.0	4500000.0	0.0	8.193333333333334e-09	0.0	0.6708203932499369	0.0	Memristive
336	0.5	4.586e-09	4.586e-09	109027474.92368078	0.5	4.586e-09	0.0	0.0	18.507110471950753	4.586e-09	0.0	0.4585999999999999	0.0	5000000.0	0.0	9.172e-09	0.0	0.7071067811865476	0.0	Memristive
337	0.55	5.969e-09	5.969e-09	92142737.47696431	0.55	5.969e-09	0.0	0.0	18.338849427004277	5.969e-09	0.0	0.5969000000000001	0.0	5500000.000000001	0.0	1.0852727272727273e-08	0.0	0.7416198487095663	0.0	Memristive
338	0.6	7.956e-09	7.956e-09	75414781.29713424	0.6	7.956e-09	0.0	0.0	18.138513852188694	7.956e-09	0.0	0.7956000000000001	0.0	6000000.0	0.0	1.3260000000000001e-08	0.0	0.7745966692414834	0.0	Memristive
339	0.65	9.383e-09	9.383e-09	69274219.33283597	0.65	9.383e-09	0.0	0.0	18.053583379546044	9.383e-09	0.0	0.9383000000000002	0.0	6500000.000000001	0.0	1.4435384615384615e-08	0.0	0.806225774829855	0.0	Memristive
340	0.7	1.006e-08	1.006e-08	69582504.97017892	0.7	1.006e-08	0.0	0.0	18.058023728336085	1.006e-08	0.0	1.006	0.0	7000000.0	0.0	1.4371428571428572e-08	0.0	0.8366600265340756	0.0	Memristive
341	0.75	1.254e-08	1.254e-08	59808612.44019139	0.75	1.254e-08	0.0	0.0	17.906660229289855	1.254e-08	0.0	1.254	0.0	7500000.0	0.0	1.672e-08	0.0	0.8660254037844386	0.0	Memristive
342	0.8	1.446e-08	1.446e-08	55325034.578146614	0.8	1.446e-08	0.0	0.0	17.828736068901584	1.446e-08	0.0	1.446	0.0	8000000.000000001	0.0	1.8074999999999998e-08	0.0	0.8944271909999159	0.0	Memristive
343	0.85	1.84e-08	1.84e-08	46195652.17391305	0.85	1.84e-08	0.0	0.0	17.648396242833698	1.84e-08	0.0	1.8399999999999996	0.0	8500000.0	0.0	2.164705882352941e-08	0.0	0.9219544457292888	0.0	Memristive
344	0.9	1.861e-08	1.861e-08	48361096.18484686	0.9	1.861e-08	0.0	0.0	17.694206250634426	1.861e-08	0.0	1.8609999999999998	0.0	9000000.0	0.0	2.0677777777777777e-08	0.0	0.9486832980505138	0.0	Memristive
345	0.95	2.226e-08	2.226e-08	42677448.33782569	0.95	2.226e-08	0.0	0.0	17.56918119671146	2.226e-08	0.0	2.226	0.0	9500000.0	0.0	2.3431578947368422e-08	0.0	0.9746794344808963	0.0	Memristive
346	1.0	2.416e-08	2.416e-08	41390728.47682119	1.0	2.416e-08	0.0	0.0	17.538567463879797	2.416e-08	0.0	2.416	0.0	10000000.0	0.0	2.416e-08	0.0	1.0	0.0	Memristive
347	1.05	2.718e-08	2.718e-08	38631346.57836645	1.05	2.718e-08	0.0	0.0	17.469574592392846	2.718e-08	0.0	2.7179999999999995	0.0	10500000.0	0.0	2.5885714285714284e-08	0.0	1.02469507659596	0.0	Memristive
348	1.1	3.014e-08	3.014e-08	36496350.36496351	1.1	3.014e-08	0.0	0.0	17.412722823552386	3.014e-08	0.0	3.014	0.0	11000000.000000002	0.0	2.7399999999999994e-08	0.0	1.0488088481701516	0.0	Memristive
349	1.15	3.534e-08	3.534e-08	32541029.99434069	1.15	3.534e-08	0.0	0.0	17.298012312430018	3.534e-08	0.0	3.534	0.0	11500000.0	0.0	3.07304347826087e-08	0.0	1.0723805294763609	0.0	Memristive
350	1.2	4.079e-08	4.079e-08	29418975.23902917	1.2	4.079e-08	0.0	0.0	17.197150440410898	4.079e-08	0.0	4.079	0.0	12000000.0	0.0	3.399166666666667e-08	0.0	1.0954451150103321	0.0	Memristive
351	1.25	4.457e-08	4.457e-08	28045770.697778773	1.25	4.457e-08	0.0	0.0	17.149348401302156	4.457e-08	0.0	4.457	0.0	12500000.0	0.0	3.5656e-08	0.0	1.118033988749895	0.0	Memristive
352	1.3	4.931e-08	4.931e-08	26363820.726019062	1.3	4.931e-08	0.0	0.0	17.087503201177867	4.931e-08	0.0	4.931000000000001	0.0	13000000.000000002	0.0	3.793076923076923e-08	0.0	1.140175425099138	0.0	Memristive
353	1.35	5.469e-08	5.469e-08	24684585.847504117	1.35	5.469e-08	0.0	0.0	17.02168955203807	5.469e-08	0.0	5.468999999999999	0.0	13500000.000000002	0.0	4.051111111111111e-08	0.0	1.161895003862225	0.0	Memristive
354	1.4	6.017e-08	6.017e-08	23267409.0078112	1.4	6.017e-08	0.0	0.0	16.962564184335363	6.017e-08	0.0	6.0169999999999995	0.0	14000000.0	0.0	4.297857142857143e-08	0.0	1.1832159566199232	0.0	Memristive
355	1.45	6.522e-08	6.522e-08	22232444.03557191	1.45	6.522e-08	0.0	0.0	16.91706322301772	6.522e-08	0.0	6.521999999999999	0.0	14500000.0	0.0	4.4979310344827584e-08	0.0	1.2041594578792296	0.0	Memristive
356	1.5	6.73e-08	6.73e-08	22288261.515601784	1.5	6.73e-08	0.0	0.0	16.919570708403892	6.73e-08	0.0	6.7299999999999995	0.0	15000000.0	0.0	4.4866666666666665e-08	0.0	1.224744871391589	0.0	Memristive
357	1.55	7.407e-08	7.407e-08	20926150.938301608	1.55	7.407e-08	0.0	0.0	16.856510175852367	7.407e-08	0.0	7.407000000000001	0.0	15500000.000000002	0.0	4.778709677419355e-08	0.0	1.2449899597988732	0.0	Memristive
358	1.6	8.336e-08	8.336e-08	19193857.965451058	1.6	8.336e-08	0.0	0.0	16.77010088818709	8.336e-08	0.0	8.335999999999999	0.0	16000000.000000002	0.0	5.2099999999999997e-08	0.0	1.2649110640673518	0.0	Memristive
359	1.65	8.773e-08	8.773e-08	18807705.459933884	1.65	8.773e-08	0.0	0.0	16.74977720871861	8.773e-08	0.0	8.773000000000001	0.0	16500000.0	0.0	5.316969696969698e-08	0.0	1.284523257866513	0.0	Memristive
360	1.7	9.788e-08	9.788e-08	17368205.96648958	1.7	9.788e-08	0.0	0.0	16.67015184943411	9.788e-08	0.0	9.787999999999998	0.0	17000000.0	0.0	5.7576470588235295e-08	0.0	1.3038404810405297	0.0	Memristive
361	1.75	1.043e-07	1.043e-07	16778523.489932887	1.75	1.043e-07	0.0	0.0	16.635610262875108	1.043e-07	0.0	10.43	0.0	17500000.0	0.0	5.96e-08	0.0	1.3228756555322954	0.0	Memristive
362	1.8	1.122e-07	1.122e-07	16042780.748663101	1.8	1.122e-07	0.0	0.0	16.590769508759934	1.122e-07	0.0	11.22	0.0	18000000.0	0.0	6.233333333333334e-08	0.0	1.3416407864998738	0.0	Memristive
363	1.85	1.236e-07	1.236e-07	14967637.540453076	1.85	1.236e-07	0.0	0.0	16.521400931013055	1.236e-07	0.0	12.359999999999998	0.0	18500000.0	0.0	6.68108108108108e-08	0.0	1.3601470508735443	0.0	Memristive
364	1.9	1.344e-07	1.344e-07	14136904.76190476	1.9	1.344e-07	0.0	0.0	16.464299295029758	1.344e-07	0.0	13.440000000000001	0.0	19000000.0	0.0	7.073684210526317e-08	0.0	1.378404875209022	0.0	Memristive
365	1.95	1.433e-07	1.433e-07	13607815.77110956	1.95	1.433e-07	0.0	0.0	16.426154874687942	1.433e-07	0.0	14.329999999999998	0.0	19500000.0	0.0	7.348717948717949e-08	0.0	1.396424004376894	0.0	Memristive
366	2.0	1.526e-07	1.526e-07	13106159.895150721	2.0	1.526e-07	0.0	0.0	16.388592898656	1.526e-07	0.0	15.259999999999998	0.0	20000000.0	0.0	7.63e-08	0.0	1.4142135623730951	0.0	Memristive
367	2.0	1.842e-07	1.842e-07	10857763.300760044	2.0	1.842e-07	0.0	0.0	16.20039089368515	1.842e-07	0.0	18.419999999999998	0.0	20000000.0	0.0	9.21e-08	0.0	1.4142135623730951	0.0	Memristive
368	1.95	1.686e-07	1.686e-07	11565836.298932385	1.95	1.686e-07	0.0	0.0	16.263566163954312	1.686e-07	0.0	16.86	0.0	19500000.0	0.0	8.646153846153846e-08	0.0	1.396424004376894	0.0	Memristive
369	1.9	1.553e-07	1.553e-07	12234385.061171925	1.9	1.553e-07	0.0	0.0	16.319760992964163	1.553e-07	0.0	15.53	0.0	19000000.0	0.0	8.173684210526316e-08	0.0	1.378404875209022	0.0	Memristive
370	1.85	1.547e-07	1.547e-07	11958629.60568843	1.85	1.547e-07	0.0	0.0	16.296963718457626	1.547e-07	0.0	15.469999999999997	0.0	18500000.0	0.0	8.362162162162162e-08	0.0	1.3601470508735443	0.0	Memristive
371	1.8	1.418e-07	1.418e-07	12693935.119887164	1.8	1.418e-07	0.0	0.0	16.356634887750502	1.418e-07	0.0	14.18	0.0	18000000.0	0.0	7.877777777777778e-08	0.0	1.3416407864998738	0.0	Memristive
372	1.75	1.332e-07	1.332e-07	13138138.138138138	1.75	1.332e-07	0.0	0.0	16.391029866775543	1.332e-07	0.0	13.319999999999999	0.0	17500000.0	0.0	7.611428571428571e-08	0.0	1.3228756555322954	0.0	Memristive
373	1.7	1.164e-07	1.164e-07	14604810.996563574	1.7	1.164e-07	0.0	0.0	16.496861552711245	1.164e-07	0.0	11.639999999999999	0.0	17000000.0	0.0	6.847058823529411e-08	0.0	1.3038404810405297	0.0	Memristive
374	1.65	1.127e-07	1.127e-07	14640638.864241349	1.65	1.127e-07	0.0	0.0	16.49931170381317	1.127e-07	0.0	11.27	0.0	16500000.0	0.0	6.83030303030303e-08	0.0	1.284523257866513	0.0	Memristive
375	1.6	1.04e-07	1.04e-07	15384615.384615384	1.6	1.04e-07	0.0	0.0	16.548878567050775	1.04e-07	0.0	10.4	0.0	16000000.000000002	0.0	6.5e-08	0.0	1.2649110640673518	0.0	Memristive
376	1.55	9.709e-08	9.709e-08	15964568.95663817	1.55	9.709e-08	0.0	0.0	16.585882384495513	9.709e-08	0.0	9.709000000000001	0.0	15500000.000000002	0.0	6.263870967741935e-08	0.0	1.2449899597988732	0.0	Memristive
377	1.5	9.079e-08	9.079e-08	16521643.352792159	1.5	9.079e-08	0.0	0.0	16.62018179767091	9.079e-08	0.0	9.078999999999999	0.0	15000000.0	0.0	6.052666666666667e-08	0.0	1.224744871391589	0.0	Memristive
378	1.45	8.006e-08	8.006e-08	18111416.437671743	1.45	8.006e-08	0.0	0.0	16.712053039814467	8.006e-08	0.0	8.006000000000002	0.0	14500000.0	0.0	5.521379310344828e-08	0.0	1.2041594578792296	0.0	Memristive
379	1.4	6.833e-08	6.833e-08	20488804.331918627	1.4	6.833e-08	0.0	0.0	16.835389164774938	6.833e-08	0.0	6.833	0.0	14000000.0	0.0	4.880714285714286e-08	0.0	1.1832159566199232	0.0	Memristive
380	1.35	6.054e-08	6.054e-08	22299306.24380575	1.35	6.054e-08	0.0	0.0	16.920066125803178	6.054e-08	0.0	6.053999999999999	0.0	13500000.000000002	0.0	4.484444444444444e-08	0.0	1.161895003862225	0.0	Memristive
381	1.3	5.835e-08	5.835e-08	22279348.75749786	1.3	5.835e-08	0.0	0.0	16.919170742681338	5.835e-08	0.0	5.835000000000001	0.0	13000000.000000002	0.0	4.488461538461539e-08	0.0	1.140175425099138	0.0	Memristive
382	1.25	4.747e-08	4.747e-08	26332420.476090163	1.25	4.747e-08	0.0	0.0	17.086311455697395	4.747e-08	0.0	4.746999999999999	0.0	12500000.0	0.0	3.7976e-08	0.0	1.118033988749895	0.0	Memristive
383	1.2	4.409e-08	4.409e-08	27217056.021773644	1.2	4.409e-08	0.0	0.0	17.119354394370518	4.409e-08	0.0	4.409	0.0	12000000.0	0.0	3.674166666666667e-08	0.0	1.0954451150103321	0.0	Memristive
384	1.15	4.09e-08	4.09e-08	28117359.41320293	1.15	4.09e-08	0.0	0.0	17.151897716272813	4.09e-08	0.0	4.090000000000001	0.0	11500000.0	0.0	3.5565217391304354e-08	0.0	1.0723805294763609	0.0	Memristive
385	1.1	3.735e-08	3.735e-08	29451137.884872828	1.1	3.735e-08	0.0	0.0	17.19824310517191	3.735e-08	0.0	3.7349999999999994	0.0	11000000.000000002	0.0	3.3954545454545454e-08	0.0	1.0488088481701516	0.0	Memristive
386	1.05	2.993e-08	2.993e-08	35081857.667891756	1.05	2.993e-08	0.0	0.0	17.373194679251235	2.993e-08	0.0	2.992999999999999	0.0	10500000.0	0.0	2.85047619047619e-08	0.0	1.02469507659596	0.0	Memristive
387	1.0	2.594e-08	2.594e-08	38550501.15651503	1.0	2.594e-08	0.0	0.0	17.467479658058114	2.594e-08	0.0	2.594	0.0	10000000.0	0.0	2.594e-08	0.0	1.0	0.0	Memristive
388	0.95	2.357e-08	2.357e-08	40305473.058973275	0.95	2.357e-08	0.0	0.0	17.51199782561082	2.357e-08	0.0	2.3569999999999998	0.0	9500000.0	0.0	2.4810526315789474e-08	0.0	0.9746794344808963	0.0	Memristive
389	0.9	1.996e-08	1.996e-08	45090180.36072144	0.9	1.996e-08	0.0	0.0	17.624175050405267	1.996e-08	0.0	1.996	0.0	9000000.0	0.0	2.217777777777778e-08	0.0	0.9486832980505138	0.0	Memristive
390	0.85	1.792e-08	1.792e-08	47433035.71428571	0.85	1.792e-08	0.0	0.0	17.67482949990185	1.792e-08	0.0	1.792	0.0	8500000.0	0.0	2.1082352941176473e-08	0.0	0.9219544457292888	0.0	Memristive
391	0.8	1.562e-08	1.562e-08	51216389.24455826	0.8	1.562e-08	0.0	0.0	17.75157014122066	1.562e-08	0.0	1.5620000000000003	0.0	8000000.000000001	0.0	1.9524999999999998e-08	0.0	0.8944271909999159	0.0	Memristive
392	0.75	1.228e-08	1.228e-08	61074918.56677525	0.75	1.228e-08	0.0	0.0	17.927611841775633	1.228e-08	0.0	1.228	0.0	7500000.0	0.0	1.6373333333333333e-08	0.0	0.8660254037844386	0.0	Memristive
393	0.7	9.251e-09	9.251e-09	75667495.40590206	0.7	9.251e-09	0.0	0.0	18.141859239218498	9.251e-09	0.0	0.9251	0.0	7000000.0	0.0	1.3215714285714285e-08	0.0	0.8366600265340756	0.0	Memristive
394	0.65	6.437e-09	6.437e-09	100978716.79353736	0.65	6.437e-09	0.0	0.0	18.430420327783477	6.437e-09	0.0	0.6437000000000002	0.0	6500000.000000001	0.0	9.903076923076922e-09	0.0	0.806225774829855	0.0	Memristive
395	0.6	5.457e-09	5.457e-09	109950522.26498076	0.6	5.457e-09	0.0	0.0	18.515541024976326	5.457e-09	0.0	0.5457	0.0	6000000.0	0.0	9.095e-09	0.0	0.7745966692414834	0.0	Memristive
396	0.55	4.755e-09	4.755e-09	115667718.1913775	0.55	4.755e-09	0.0	0.0	18.56623214019344	4.755e-09	0.0	0.4755	0.0	5500000.000000001	0.0	8.645454545454546e-09	0.0	0.7416198487095663	0.0	Memristive
397	0.5	2.962e-09	2.962e-09	168804861.5800135	0.5	2.962e-09	0.0	0.0	18.944253940540857	2.962e-09	0.0	0.29619999999999996	0.0	5000000.0	0.0	5.924e-09	0.0	0.7071067811865476	0.0	Memristive
398	0.45	2.351e-09	2.351e-09	191407911.52700981	0.45	2.351e-09	0.0	0.0	19.069917371170707	2.351e-09	0.0	0.23509999999999995	0.0	4500000.0	0.0	5.224444444444444e-09	0.0	0.6708203932499369	0.0	Memristive
399	0.4	1.753e-09	1.753e-09	228180262.40730178	0.4	1.753e-09	0.0	0.0	19.24564649913316	1.753e-09	0.0	0.17529999999999998	0.0	4000000.0000000005	0.0	4.3825e-09	0.0	0.6324555320336759	0.0	Memristive
400	0.35	1.373e-09	1.373e-09	254916241.80626366	0.35	1.373e-09	0.0	0.0	19.3564455856619	1.373e-09	0.0	0.1373	0.0	3500000.0	0.0	3.922857142857143e-09	0.0	0.5916079783099616	0.0	Memristive
401	0.3	8.024e-10	8.024e-10	373878364.9052841	0.3	8.024e-10	0.0	0.0	19.739441074954886	8.024e-10	0.0	0.08024	0.0	3000000.0	0.0	2.674666666666667e-09	0.0	0.5477225575051661	0.0	Memristive
402	0.25	5.007e-10	5.007e-10	499300978.6299181	0.25	5.007e-10	0.0	0.0	20.028719635472758	5.007e-10	0.0	0.050069999999999996	0.0	2500000.0	0.0	2.0028e-09	0.0	0.5	0.0	Memristive
403	0.2	2.118e-10	2.118e-10	944287063.2672333	0.2	2.118e-10	0.0	0.0	20.665940770327143	2.118e-10	0.0	0.02118	0.0	2000000.0000000002	0.0	1.059e-09	0.0	0.4472135954999579	0.0	Memristive
404	0.15	7.764e-11	7.764e-11	1931993817.6197834	0.15	7.764e-11	0.0	0.0	21.381818372741858	7.764e-11	0.0	0.007764	0.0	1500000.0	0.0	5.176000000000001e-10	0.0	0.3872983346207417	0.0	Memristive
405	0.1	2.794e-11	2.794e-11	3579098067.287044	0.1	2.794e-11	0.0	0.0	21.99837666910569	2.794e-11	0.0	0.002794	0.0	1000000.0000000001	0.0	2.794e-10	0.0	0.31622776601683794	0.0	Memristive
406	0.05	-1.947e-12	1.947e-12	-25680534155.110428	0.05	-1.947e-12	0.0	0.0	23.968999115984495	1.947e-12	0.0	-0.00019470000000000002	0.0	500000.00000000006	0.0	-3.894e-11	0.0	0.22360679774997896	0.0	Memristive
407	0.0	-1.378e-11	1.378e-11	-0.0	0.0	-1.378e-11	0.0	1.378e-11	0.0	1.378e-11	1.378e-11	0.0	0.0	0.0	0.0	0.0	0.0	0.0	0.0	Memristive
408	-0.05	-2.18e-11	2.18e-11	2293577981.6513762	0.0	0.0	0.05	2.18e-11	21.553378872579515	0.0	2.18e-11	0.0	0.00218	0.0	500000.00000000006	0.0	4.3599999999999994e-10	0.0	0.22360679774997896	Memristive
409	-0.1	-2.893e-11	2.893e-11	3456619426.201175	0.0	0.0	0.1	2.893e-11	21.963556903946458	0.0	2.893e-11	0.0	0.0028929999999999997	0.0	1000000.0000000001	0.0	2.8929999999999997e-10	0.0	0.31622776601683794	Memristive
410	-0.15	-5.207e-11	5.207e-11	2880737468.792011	0.0	0.0	0.15	5.207e-11	21.78131216386786	0.0	5.207e-11	0.0	0.005207	0.0	1500000.0	0.0	3.4713333333333337e-10	0.0	0.3872983346207417	Memristive
411	-0.2	-7.332e-11	7.332e-11	2727768685.215494	0.0	0.0	0.2	7.332e-11	21.726749780522944	0.0	7.332e-11	0.0	0.007331999999999999	0.0	2000000.0000000002	0.0	3.6659999999999995e-10	0.0	0.4472135954999579	Memristive
412	-0.25	-8.495e-11	8.495e-11	2942907592.701589	0.0	0.0	0.25	8.495e-11	21.802663906690718	0.0	8.495e-11	0.0	0.008495	0.0	2500000.0	0.0	3.398e-10	0.0	0.5	Memristive
413	-0.3	-1.306e-10	1.306e-10	2297090352.2205205	0.0	0.0	0.3	1.306e-10	21.55490909476028	0.0	1.306e-10	0.0	0.01306	0.0	3000000.0	0.0	4.3533333333333333e-10	0.0	0.5477225575051661	Memristive
414	-0.35	-1.772e-10	1.772e-10	1975169300.2257335	0.0	0.0	0.35	1.772e-10	21.40391995325889	0.0	1.772e-10	0.0	0.01772	0.0	3500000.0	0.0	5.062857142857143e-10	0.0	0.5916079783099616	Memristive
415	-0.4	-1.707e-10	1.707e-10	2343292325.7176337	0.0	0.0	0.4	1.707e-10	21.574822754253997	0.0	1.707e-10	0.0	0.01707	0.0	4000000.0000000005	0.0	4.2674999999999995e-10	0.0	0.6324555320336759	Memristive
416	-0.45	-2.316e-10	2.316e-10	1943005181.3471503	0.0	0.0	0.45	2.316e-10	21.387501674011936	0.0	2.316e-10	0.0	0.023159999999999997	0.0	4500000.0	0.0	5.146666666666666e-10	0.0	0.6708203932499369	Memristive
417	-0.5	-2.723e-10	2.723e-10	1836210062.4311423	0.0	0.0	0.5	2.723e-10	21.33096953568889	0.0	2.723e-10	0.0	0.027229999999999994	0.0	5000000.0	0.0	5.446e-10	0.0	0.7071067811865476	Memristive
418	-0.55	-2.76e-10	2.76e-10	1992753623.1884062	0.0	0.0	0.55	2.76e-10	21.412783249455778	0.0	2.76e-10	0.0	0.027599999999999996	0.0	5500000.000000001	0.0	5.018181818181817e-10	0.0	0.7416198487095663	Memristive
419	-0.6	-3.195e-10	3.195e-10	1877934272.3004696	0.0	0.0	0.6	3.195e-10	21.35343821834497	0.0	3.195e-10	0.0	0.03195	0.0	6000000.0	0.0	5.325e-10	0.0	0.7745966692414834	Memristive
420	-0.65	-3.015e-10	3.015e-10	2155887230.5140963	0.0	0.0	0.65	3.015e-10	21.491468183668854	0.0	3.015e-10	0.0	0.030150000000000003	0.0	6500000.000000001	0.0	4.638461538461538e-10	0.0	0.806225774829855	Memristive
421	-0.7	-2.21e-10	2.21e-10	3167420814.4796376	0.0	0.0	0.7	2.21e-10	21.876183470472064	0.0	2.21e-10	0.0	0.0221	0.0	7000000.0	0.0	3.1571428571428576e-10	0.0	0.8366600265340756	Memristive
422	-0.75	-2.428e-10	2.428e-10	3088962108.7314663	0.0	0.0	0.75	2.428e-10	21.851100984291424	0.0	2.428e-10	0.0	0.02428	0.0	7500000.0	0.0	3.237333333333333e-10	0.0	0.8660254037844386	Memristive
423	-0.8	-2.709e-10	2.709e-10	2953119232.1889997	0.0	0.0	0.8	2.709e-10	21.80612781552329	0.0	2.709e-10	0.0	0.027090000000000003	0.0	8000000.000000001	0.0	3.38625e-10	0.0	0.8944271909999159	Memristive
424	-0.85	-2.889e-10	2.889e-10	2942194530.9795775	0.0	0.0	0.85	2.889e-10	21.802421578958583	0.0	2.889e-10	0.0	0.02889	0.0	8500000.0	0.0	3.3988235294117647e-10	0.0	0.9219544457292888	Memristive
425	-0.9	-3.033e-10	3.033e-10	2967359050.445104	0.0	0.0	0.9	3.033e-10	21.810938185576187	0.0	3.033e-10	0.0	0.030329999999999992	0.0	9000000.0	0.0	3.3699999999999997e-10	0.0	0.9486832980505138	Memristive
426	-0.95	-2.989e-10	2.989e-10	3178320508.531281	0.0	0.0	0.95	2.989e-10	21.879618752251105	0.0	2.989e-10	0.0	0.029890000000000003	0.0	9500000.0	0.0	3.1463157894736845e-10	0.0	0.9746794344808963	Memristive
427	-1.0	-3.122e-10	3.122e-10	3203074951.9538755	0.0	0.0	1.0	3.122e-10	21.887377107847218	0.0	3.122e-10	0.0	0.031219999999999998	0.0	10000000.0	0.0	3.122e-10	0.0	1.0	Memristive
428	-1.05	-3.352e-10	3.352e-10	3132458233.890215	0.0	0.0	1.05	3.352e-10	21.865083911490053	0.0	3.352e-10	0.0	0.033519999999999994	0.0	10500000.0	0.0	3.192380952380952e-10	0.0	1.02469507659596	Memristive
429	-1.1	-3.207e-10	3.207e-10	3429996881.821017	0.0	0.0	1.1	3.207e-10	21.955825189033764	0.0	3.207e-10	0.0	0.03207	0.0	11000000.000000002	0.0	2.915454545454545e-10	0.0	1.0488088481701516	Memristive
430	-1.15	-3.025e-10	3.025e-10	3801652892.561983	0.0	0.0	1.15	3.025e-10	22.05870178083281	0.0	3.025e-10	0.0	0.030250000000000003	0.0	11500000.0	0.0	2.6304347826086956e-10	0.0	1.0723805294763609	Memristive
431	-1.2	-3.321e-10	3.321e-10	3613369467.028003	0.0	0.0	1.2	3.321e-10	22.0079065443398	0.0	3.321e-10	0.0	0.033209999999999996	0.0	12000000.0	0.0	2.7675000000000005e-10	0.0	1.0954451150103321	Memristive
432	-1.25	-3.327e-10	3.327e-10	3757138563.2702136	0.0	0.0	1.25	3.327e-10	22.046923484218325	0.0	3.327e-10	0.0	0.033269999999999994	0.0	12500000.0	0.0	2.6616e-10	0.0	1.118033988749895	Memristive
433	-1.3	-3.229e-10	3.229e-10	4026014245.8965626	0.0	0.0	1.3	3.229e-10	22.11604270263181	0.0	3.229e-10	0.0	0.03229	0.0	13000000.000000002	0.0	2.4838461538461537e-10	0.0	1.140175425099138	Memristive
434	-1.35	-3.391e-10	3.391e-10	3981126511.3535833	0.0	0.0	1.35	3.391e-10	22.104830659247295	0.0	3.391e-10	0.0	0.03391	0.0	13500000.000000002	0.0	2.5118518518518516e-10	0.0	1.161895003862225	Memristive
435	-1.4	-3.47e-10	3.47e-10	4034582132.5648413	0.0	0.0	1.4	3.47e-10	22.1181685726029	0.0	3.47e-10	0.0	0.0347	0.0	14000000.0	0.0	2.478571428571429e-10	0.0	1.1832159566199232	Memristive
436	-1.45	-3.541e-10	3.541e-10	4094888449.590511	0.0	0.0	1.45	3.541e-10	22.133005313243174	0.0	3.541e-10	0.0	0.03541	0.0	14500000.0	0.0	2.4420689655172414e-10	0.0	1.2041594578792296	Memristive
437	-1.5	-3.556e-10	3.556e-10	4218222722.15973	0.0	0.0	1.5	3.556e-10	22.162679720396962	0.0	3.556e-10	0.0	0.035559999999999994	0.0	15000000.0	0.0	2.3706666666666664e-10	0.0	1.224744871391589	Memristive
438	-1.55	-3.325e-10	3.325e-10	4661654135.3383465	0.0	0.0	1.55	3.325e-10	22.262636186763796	0.0	3.325e-10	0.0	0.033249999999999995	0.0	15500000.000000002	0.0	2.1451612903225806e-10	0.0	1.2449899597988732	Memristive
439	-1.6	-4.077e-10	4.077e-10	3924454255.580084	0.0	0.0	1.6	4.077e-10	22.090493135349075	0.0	4.077e-10	0.0	0.04077	0.0	16000000.000000002	0.0	2.548125e-10	0.0	1.2649110640673518	Memristive
440	-1.65	-4.169e-10	4.169e-10	3957783641.1609497	0.0	0.0	1.65	4.169e-10	22.098950018954287	0.0	4.169e-10	0.0	0.04169	0.0	16500000.0	0.0	2.5266666666666667e-10	0.0	1.284523257866513	Memristive
441	-1.7	-4.106e-10	4.106e-10	4140282513.3950315	0.0	0.0	1.7	4.106e-10	22.144029862405887	0.0	4.106e-10	0.0	0.04106	0.0	17000000.0	0.0	2.415294117647059e-10	0.0	1.3038404810405297	Memristive
442	-1.75	-4.265e-10	4.265e-10	4103165298.9449005	0.0	0.0	1.75	4.265e-10	22.13502453693224	0.0	4.265e-10	0.0	0.04265	0.0	17500000.0	0.0	2.437142857142857e-10	0.0	1.3228756555322954	Memristive
443	-1.8	-4.353e-10	4.353e-10	4135079255.6857343	0.0	0.0	1.8	4.353e-10	22.142772332272415	0.0	4.353e-10	0.0	0.04353	0.0	18000000.0	0.0	2.418333333333333e-10	0.0	1.3416407864998738	Memristive
444	-1.85	-4.363e-10	4.363e-10	4240201696.080679	0.0	0.0	1.85	4.363e-10	22.167876674889218	0.0	4.363e-10	0.0	0.04362999999999999	0.0	18500000.0	0.0	2.358378378378378e-10	0.0	1.3601470508735443	Memristive
445	-1.9	-5.525e-10	5.525e-10	3438914027.149321	0.0	0.0	1.9	5.525e-10	21.958421568709035	0.0	5.525e-10	0.0	0.05525	0.0	19000000.0	0.0	2.9078947368421055e-10	0.0	1.378404875209022	Memristive
446	-1.95	-4.859e-10	4.859e-10	4013171434.451533	0.0	0.0	1.95	4.859e-10	22.112847647092345	0.0	4.859e-10	0.0	0.048589999999999994	0.0	19500000.0	0.0	2.491794871794872e-10	0.0	1.396424004376894	Memristive
447	-2.0	-4.96e-10	4.96e-10	4032258064.5161285	0.0	0.0	2.0	4.96e-10	22.117592369763567	0.0	4.96e-10	0.0	0.049600000000000005	0.0	20000000.0	0.0	2.48e-10	0.0	1.4142135623730951	Memristive
448	-2.0	-7.219e-10	7.219e-10	2770466823.6597867	0.0	0.0	2.0	7.219e-10	21.742281671343378	0.0	7.219e-10	0.0	0.07218999999999999	0.0	20000000.0	0.0	3.6095e-10	0.0	1.4142135623730951	Memristive
449	-1.95	-8.014e-10	8.014e-10	2433241826.8030944	0.0	0.0	1.95	8.014e-10	21.61249029030216	0.0	8.014e-10	0.0	0.08013999999999999	0.0	19500000.0	0.0	4.10974358974359e-10	0.0	1.396424004376894	Memristive
450	-1.9	-6.207e-10	6.207e-10	3061060093.442887	0.0	0.0	1.9	6.207e-10	21.842027128681337	0.0	6.207e-10	0.0	0.06206999999999999	0.0	19000000.0	0.0	3.2668421052631583e-10	0.0	1.378404875209022	Memristive
451	-1.85	-6.724e-10	6.724e-10	2751338488.994646	0.0	0.0	1.85	6.724e-10	21.73535335348432	0.0	6.724e-10	0.0	0.06724	0.0	18500000.0	0.0	3.634594594594594e-10	0.0	1.3601470508735443	Memristive
452	-1.8	-5.864e-10	5.864e-10	3069577080.4911327	0.0	0.0	1.8	5.864e-10	21.844805630258225	0.0	5.864e-10	0.0	0.05863999999999999	0.0	18000000.0	0.0	3.2577777777777776e-10	0.0	1.3416407864998738	Memristive
453	-1.75	-5.835e-10	5.835e-10	2999143101.9708652	0.0	0.0	1.75	5.835e-10	21.82159245213736	0.0	5.835e-10	0.0	0.05835	0.0	17500000.0	0.0	3.334285714285714e-10	0.0	1.3228756555322954	Memristive
454	-1.7	-6.651e-10	6.651e-10	2556006615.546534	0.0	0.0	1.7	6.651e-10	21.661711961700345	0.0	6.651e-10	0.0	0.06651	0.0	17000000.0	0.0	3.912352941176471e-10	0.0	1.3038404810405297	Memristive
455	-1.65	-5.005e-10	5.005e-10	3296703296.7032967	0.0	0.0	1.65	5.005e-10	21.916188805085763	0.0	5.005e-10	0.0	0.05004999999999999	0.0	16500000.0	0.0	3.033333333333333e-10	0.0	1.284523257866513	Memristive
456	-1.6	-5.602e-10	5.602e-10	2856122813.2809715	0.0	0.0	1.6	5.602e-10	21.772730882348277	0.0	5.602e-10	0.0	0.05601999999999999	0.0	16000000.000000002	0.0	3.5012499999999997e-10	0.0	1.2649110640673518	Memristive
457	-1.55	-5.027e-10	5.027e-10	3083349910.4833894	0.0	0.0	1.55	5.027e-10	21.849282476161175	0.0	5.027e-10	0.0	0.05027000000000001	0.0	15500000.000000002	0.0	3.243225806451613e-10	0.0	1.2449899597988732	Memristive
458	-1.5	-5.289e-10	5.289e-10	2836074872.376631	0.0	0.0	1.5	5.289e-10	21.76568684596478	0.0	5.289e-10	0.0	0.05288999999999999	0.0	15000000.0	0.0	3.526e-10	0.0	1.224744871391589	Memristive
459	-1.45	-4.225e-10	4.225e-10	3431952662.7218933	0.0	0.0	1.45	4.225e-10	21.956395225563803	0.0	4.225e-10	0.0	0.04225	0.0	14500000.0	0.0	2.9137931034482757e-10	0.0	1.2041594578792296	Memristive
460	-1.4	-4.445e-10	4.445e-10	3149606299.2125983	0.0	0.0	1.4	4.445e-10	21.870543297595802	0.0	4.445e-10	0.0	0.044449999999999996	0.0	14000000.0	0.0	3.1750000000000004e-10	0.0	1.1832159566199232	Memristive
461	-1.35	-3.876e-10	3.876e-10	3482972136.2229104	0.0	0.0	1.35	3.876e-10	21.971151828362274	0.0	3.876e-10	0.0	0.038759999999999996	0.0	13500000.000000002	0.0	2.8711111111111107e-10	0.0	1.161895003862225	Memristive
462	-1.3	-4.12e-10	4.12e-10	3155339805.8252425	0.0	0.0	1.3	4.12e-10	21.872362031046514	0.0	4.12e-10	0.0	0.04120000000000001	0.0	13000000.000000002	0.0	3.169230769230769e-10	0.0	1.140175425099138	Memristive
463	-1.25	-3.324e-10	3.324e-10	3760529482.551143	0.0	0.0	1.25	3.324e-10	22.047825604261465	0.0	3.324e-10	0.0	0.03324	0.0	12500000.0	0.0	2.6592e-10	0.0	1.118033988749895	Memristive
464	-1.2	-3.935e-10	3.935e-10	3049555273.189327	0.0	0.0	1.2	3.935e-10	21.838261604865046	0.0	3.935e-10	0.0	0.039349999999999996	0.0	12000000.0	0.0	3.2791666666666665e-10	0.0	1.0954451150103321	Memristive
465	-1.15	-3.091e-10	3.091e-10	3720478809.4467807	0.0	0.0	1.15	3.091e-10	22.037118209165637	0.0	3.091e-10	0.0	0.03091	0.0	11500000.0	0.0	2.687826086956522e-10	0.0	1.0723805294763609	Memristive
466	-1.1	-3.375e-10	3.375e-10	3259259259.259259	0.0	0.0	1.1	3.375e-10	21.904765785420288	0.0	3.375e-10	0.0	0.03375	0.0	11000000.000000002	0.0	3.068181818181818e-10	0.0	1.0488088481701516	Memristive
467	-1.05	-3.083e-10	3.083e-10	3405773597.1456375	0.0	0.0	1.05	3.083e-10	21.948737945205874	0.0	3.083e-10	0.0	0.030829999999999996	0.0	10500000.0	0.0	2.9361904761904764e-10	0.0	1.02469507659596	Memristive
468	-1.0	-3.124e-10	3.124e-10	3201024327.7848916	0.0	0.0	1.0	3.124e-10	21.886736697963016	0.0	3.124e-10	0.0	0.031239999999999997	0.0	10000000.0	0.0	3.124e-10	0.0	1.0	Memristive
469	-0.95	-2.87e-10	2.87e-10	3310104529.6167245	0.0	0.0	0.95	2.87e-10	21.920245605781375	0.0	2.87e-10	0.0	0.028700000000000003	0.0	9500000.0	0.0	3.0210526315789473e-10	0.0	0.9746794344808963	Memristive
470	-0.9	-2.42e-10	2.42e-10	3719008264.46281	0.0	0.0	0.9	2.42e-10	22.036722874114037	0.0	2.42e-10	0.0	0.0242	0.0	9000000.0	0.0	2.6888888888888887e-10	0.0	0.9486832980505138	Memristive
471	-0.85	-2.33e-10	2.33e-10	3648068669.5278964	0.0	0.0	0.85	2.33e-10	22.01746373286507	0.0	2.33e-10	0.0	0.023300000000000005	0.0	8500000.0	0.0	2.741176470588236e-10	0.0	0.9219544457292888	Memristive
472	-0.8	-2.075e-10	2.075e-10	3855421686.746988	0.0	0.0	0.8	2.075e-10	22.072746224943586	0.0	2.075e-10	0.0	0.020750000000000005	0.0	8000000.000000001	0.0	2.59375e-10	0.0	0.8944271909999159	Memristive
473	-0.75	-1.886e-10	1.886e-10	3976670201.4846234	0.0	0.0	0.75	1.886e-10	22.10371067327741	0.0	1.886e-10	0.0	0.01886	0.0	7500000.0	0.0	2.5146666666666667e-10	0.0	0.8660254037844386	Memristive
474	-0.7	-1.66e-10	1.66e-10	4216867469.879518	0.0	0.0	0.7	1.66e-10	22.162358383633272	0.0	1.66e-10	0.0	0.0166	0.0	7000000.0	0.0	2.3714285714285715e-10	0.0	0.8366600265340756	Memristive
475	-0.65	-1.559e-10	1.559e-10	4169339320.0769725	0.0	0.0	0.65	1.559e-10	22.15102342377236	0.0	1.559e-10	0.0	0.01559	0.0	6500000.000000001	0.0	2.3984615384615386e-10	0.0	0.806225774829855	Memristive
476	-0.6	-1.59e-10	1.59e-10	3773584905.6603775	0.0	0.0	0.6	1.59e-10	22.051291289942327	0.0	1.59e-10	0.0	0.015899999999999997	0.0	6000000.0	0.0	2.65e-10	0.0	0.7745966692414834	Memristive
477	-0.55	-1.35e-10	1.35e-10	4074074074.0740743	0.0	0.0	0.55	1.35e-10	22.127909336734497	0.0	1.35e-10	0.0	0.013500000000000002	0.0	5500000.000000001	0.0	2.454545454545454e-10	0.0	0.7416198487095663	Memristive
478	-0.5	-1.225e-10	1.225e-10	4081632653.061225	0.0	0.0	0.5	1.225e-10	22.12976290538382	0.0	1.225e-10	0.0	0.012249999999999999	0.0	5000000.0	0.0	2.45e-10	0.0	0.7071067811865476	Memristive
479	-0.45	-1.203e-10	1.203e-10	3740648379.0523696	0.0	0.0	0.45	1.203e-10	22.042524796730145	0.0	1.203e-10	0.0	0.012029999999999997	0.0	4500000.0	0.0	2.673333333333333e-10	0.0	0.6708203932499369	Memristive
480	-0.4	-9.066e-11	9.066e-11	4412089124.200309	0.0	0.0	0.4	9.066e-11	22.20761413854169	0.0	9.066e-11	0.0	0.009066000000000001	0.0	4000000.0000000005	0.0	2.2665e-10	0.0	0.6324555320336759	Memristive
481	-0.35	-9.807e-11	9.807e-11	3568879371.87723	0.0	0.0	0.35	9.807e-11	21.99551748202564	0.0	9.807e-11	0.0	0.009807	0.0	3500000.0	0.0	2.802e-10	0.0	0.5916079783099616	Memristive
482	-0.3	-1.017e-10	1.017e-10	2949852507.3746314	0.0	0.0	0.3	1.017e-10	21.8050210085481	0.0	1.017e-10	0.0	0.010169999999999998	0.0	3000000.0	0.0	3.39e-10	0.0	0.5477225575051661	Memristive
483	-0.25	-1.004e-10	1.004e-10	2490039840.63745	0.0	0.0	0.25	1.004e-10	21.635564547551027	0.0	1.004e-10	0.0	0.010039999999999999	0.0	2500000.0	0.0	4.016e-10	0.0	0.5	Memristive
484	-0.2	-5.06e-11	5.06e-11	3952569169.9604745	0.0	0.0	0.2	5.06e-11	22.09763162720103	0.0	5.06e-11	0.0	0.00506	0.0	2000000.0000000002	0.0	2.5299999999999995e-10	0.0	0.4472135954999579	Memristive
485	-0.15	-4.499e-11	4.499e-11	3334074238.7197156	0.0	0.0	0.15	4.499e-11	21.927460888189586	0.0	4.499e-11	0.0	0.004499	0.0	1500000.0	0.0	2.999333333333333e-10	0.0	0.3872983346207417	Memristive
486	-0.1	-1.317e-11	1.317e-11	7593014426.727411	0.0	0.0	0.1	1.317e-11	22.75049450717931	0.0	1.317e-11	0.0	0.001317	0.0	1000000.0000000001	0.0	1.317e-10	0.0	0.31622776601683794	Memristive
487	-0.05	1.298e-11	1.298e-11	-3852080123.2665644	0.0	0.0	0.05	1.298e-11	22.071879131098612	0.0	1.298e-11	0.0	0.001298	0.0	500000.00000000006	0.0	2.5959999999999996e-10	0.0	0.22360679774997896	Memristive
488	0.0	4.385e-11	4.385e-11	0.0	0.0	4.385e-11	0.0	4.385e-11	0.0	4.385e-11	4.385e-11	0.0	0.0	0.0	0.0	0.0	0.0	0.0	0.0	Memristive
