	voltage	current	abs_current	resistance	voltage_ps	current_ps	voltage_ng	current_ng	log_Resistance	abs_Current_ps	abs_Current_ng	current_Density_ps	current_Density_ng	electric_field_ps	electric_field_ng	inverse_resistance_ps	inverse_resistance_ng	sqrt_Voltage_ps	sqrt_Voltage_ng	classification
0	0.0	1.129e-11	1.129e-11	0.0	0.0	1.129e-11	0.0	1.129e-11	0.0	1.129e-11	1.129e-11	0.0	0	0.0	0	0.0	0	0.0	0.0	Memristive
1	0.1	1.71e-11	1.71e-11	5847953216.374269	0.1	1.71e-11	0.0	0.0	22.489357559425887	1.71e-11	0.0	0.0017100000000000001	0	1000000.0000000001	0	1.71e-10	0	0.31622776601683794	0.0	Memristive
2	0.2	2.115e-11	2.115e-11	9456264775.413712	0.2	2.115e-11	0.0	0.0	22.96994329800216	2.115e-11	0.0	0.002115	0	2000000.0000000002	0	1.0575e-10	0	0.4472135954999579	0.0	Memristive
3	0.3	2.596e-11	2.596e-11	11556240369.799692	0.3	2.596e-11	0.0	0.0	23.170491419766723	2.596e-11	0.0	0.002596	0	3000000.0	0	8.653333333333334e-11	0	0.5477225575051661	0.0	Memristive
4	0.4	2.92e-11	2.92e-11	13698630136.986301	0.4	2.92e-11	0.0	0.0	23.340561674780158	2.92e-11	0.0	0.0029200000000000003	0	4000000.0000000005	0	7.299999999999999e-11	0	0.6324555320336759	0.0	Memristive
5	0.5	3.273e-11	3.273e-11	15276504735.716469	0.5	3.273e-11	0.0	0.0	23.449581846855512	3.273e-11	0.0	0.0032729999999999994	0	5000000.0	0	6.546e-11	0	0.7071067811865476	0.0	Memristive
6	0.6	3.607e-11	3.607e-11	16634322151.372332	0.6	3.607e-11	0.0	0.0	23.53473399724711	3.607e-11	0.0	0.0036070000000000004	0	6000000.0	0	6.011666666666666e-11	0	0.7745966692414834	0.0	Memristive
7	0.7	3.949e-11	3.949e-11	17726006583.9453	0.7	3.949e-11	0.0	0.0	23.59829869669126	3.949e-11	0.0	0.003949	0	7000000.0	0	5.641428571428572e-11	0	0.8366600265340756	0.0	Memristive
8	0.8	4.261e-11	4.261e-11	18774935461.15935	0.8	4.261e-11	0.0	0.0	23.655788597102518	4.261e-11	0.0	0.004261000000000001	0	8000000.000000001	0	5.32625e-11	0	0.8944271909999159	0.0	Memristive
9	0.9	4.719e-11	4.719e-11	19071837253.655437	0.9	4.719e-11	0.0	0.0	23.671478594532427	4.719e-11	0.0	0.004718999999999999	0	9000000.0	0	5.243333333333333e-11	0	0.9486832980505138	0.0	Memristive
10	1.0	5.076e-11	5.076e-11	19700551615.445232	1.0	5.076e-11	0.0	0.0	23.70391247308236	5.076e-11	0.0	0.005076	0	10000000.0	0	5.076e-11	0	1.0	0.0	Memristive
11	1.0	4.145e-11	4.145e-11	24125452352.2316	1.0	4.145e-11	0.0	0.0	23.906533234347243	4.145e-11	0.0	0.004145	0	10000000.0	0	4.145e-11	0	1.0	0.0	Memristive
12	0.9	2.842e-11	2.842e-11	31667839549.61295	0.9	2.842e-11	0.0	0.0	24.178567477601767	2.842e-11	0.0	0.0028419999999999995	0	9000000.0	0	3.157777777777778e-11	0	0.9486832980505138	0.0	Memristive
13	0.8	2.145e-11	2.145e-11	37296037296.0373	0.8	2.145e-11	0.0	0.0	24.342152919240313	2.145e-11	0.0	0.0021449999999999998	0	8000000.000000001	0	2.68125e-11	0	0.8944271909999159	0.0	Memristive
14	0.7	1.58e-11	1.58e-11	44303797468.35443	0.7	1.58e-11	0.0	0.0	24.514336231956896	1.58e-11	0.0	0.0015799999999999998	0	7000000.0	0	2.257142857142857e-11	0	0.8366600265340756	0.0	Memristive
15	0.6	1.214e-11	1.214e-11	49423393739.70346	0.6	1.214e-11	0.0	0.0	24.623689706531206	1.214e-11	0.0	0.001214	0	6000000.0	0	2.0233333333333333e-11	0	0.7745966692414834	0.0	Memristive
16	0.5	8.938e-12	8.938e-12	55940926381.74088	0.5	8.938e-12	0.0	0.0	24.747562084857343	8.938e-12	0.0	0.0008937999999999999	0	5000000.0	0	1.7876e-11	0	0.7071067811865476	0.0	Memristive
17	0.4	5.329e-12	5.329e-12	75060987051.97974	0.4	5.329e-12	0.0	0.0	25.04156678073975	5.329e-12	0.0	0.0005329000000000001	0	4000000.0000000005	0	1.3322499999999998e-11	0	0.6324555320336759	0.0	Memristive
18	0.3	2.668e-12	2.668e-12	112443778110.94452	0.3	2.668e-12	0.0	0.0	25.445719183549233	2.668e-12	0.0	0.0002668	0	3000000.0	0	8.893333333333333e-12	0	0.5477225575051661	0.0	Memristive
19	0.2	-1.01e-14	1.01e-14	-19801980198019.805	0.2	-1.01e-14	0.0	0.0	30.616803058629372	1.01e-14	0.0	-1.01e-06	0	2000000.0000000002	0	-5.049999999999999e-14	0	0.4472135954999579	0.0	Memristive
20	0.1	-2.553e-12	2.553e-12	-39169604386.99569	0.1	-2.553e-12	0.0	0.0	24.391166884675155	2.553e-12	0.0	-0.0002553	0	1000000.0000000001	0	-2.553e-11	0	0.31622776601683794	0.0	Memristive
21	0.0	-3.686e-12	3.686e-12	-0.0	0.0	-3.686e-12	0.0	3.686e-12	0.0	3.686e-12	3.686e-12	0.0	0	0.0	0	0.0	0	0.0	0.0	Memristive
22	0.0	5.881e-12	5.881e-12	0.0	0.0	5.881e-12	0.0	5.881e-12	0.0	5.881e-12	5.881e-12	0.0	0	0.0	0	0.0	0	0.0	0.0	Memristive
23	0.1	1.289e-11	1.289e-11	7757951900.698216	0.1	1.289e-11	0.0	0.0	22.771984205983408	1.289e-11	0.0	0.001289	0	1000000.0000000001	0	1.289e-10	0	0.31622776601683794	0.0	Memristive
24	0.2	1.709e-11	1.709e-11	11702750146.284378	0.2	1.709e-11	0.0	0.0	23.18308970636695	1.709e-11	0.0	0.0017089999999999998	0	2000000.0000000002	0	8.544999999999999e-11	0	0.4472135954999579	0.0	Memristive
25	0.3	2.161e-11	2.161e-11	13882461823.229986	0.3	2.161e-11	0.0	0.0	23.35389214108382	2.161e-11	0.0	0.002161	0	3000000.0	0	7.203333333333334e-11	0	0.5477225575051661	0.0	Memristive
26	0.4	2.545e-11	2.545e-11	15717092337.917486	0.4	2.545e-11	0.0	0.0	23.47801464105786	2.545e-11	0.0	0.002545	0	4000000.0000000005	0	6.3625e-11	0	0.6324555320336759	0.0	Memristive
27	0.5	2.921e-11	2.921e-11	17117425539.198904	0.5	2.921e-11	0.0	0.0	23.563362818968955	2.921e-11	0.0	0.0029209999999999996	0	5000000.0	0	5.842e-11	0	0.7071067811865476	0.0	Memristive
28	0.6	3.239e-11	3.239e-11	18524235875.270145	0.6	3.239e-11	0.0	0.0	23.64234575897932	3.239e-11	0.0	0.0032389999999999997	0	6000000.0	0	5.398333333333333e-11	0	0.7745966692414834	0.0	Memristive
29	0.7	3.537e-11	3.537e-11	19790783149.56177	0.7	3.537e-11	0.0	0.0	23.708482168772427	3.537e-11	0.0	0.003537	0	7000000.0	0	5.0528571428571434e-11	0	0.8366600265340756	0.0	Memristive
30	0.8	3.923e-11	3.923e-11	20392556716.798367	0.8	3.923e-11	0.0	0.0	23.73843580439288	3.923e-11	0.0	0.003923	0	8000000.000000001	0	4.9037500000000004e-11	0	0.8944271909999159	0.0	Memristive
31	0.9	4.248e-11	4.248e-11	21186440677.966103	0.9	4.248e-11	0.0	0.0	23.776627223337037	4.248e-11	0.0	0.004247999999999999	0	9000000.0	0	4.7199999999999996e-11	0	0.9486832980505138	0.0	Memristive
32	1.0	4.732e-11	4.732e-11	21132713440.40575	1.0	4.732e-11	0.0	0.0	23.774088076818362	4.732e-11	0.0	0.004731999999999998	0	10000000.0	0	4.732e-11	0	1.0	0.0	Memristive
33	1.0	3.942e-11	3.942e-11	25367833587.01167	1.0	3.942e-11	0.0	0.0	23.956747814203975	3.942e-11	0.0	0.003942	0	10000000.0	0	3.942e-11	0	1.0	0.0	Memristive
34	0.9	2.677e-11	2.677e-11	33619723571.16175	0.9	2.677e-11	0.0	0.0	24.238378742738462	2.677e-11	0.0	0.0026769999999999997	0	9000000.0	0	2.974444444444444e-11	0	0.9486832980505138	0.0	Memristive
35	0.8	2.034e-11	2.034e-11	39331366764.99509	0.8	2.034e-11	0.0	0.0	24.395288173993926	2.034e-11	0.0	0.002034	0	8000000.000000001	0	2.5425e-11	0	0.8944271909999159	0.0	Memristive
36	0.7	1.53e-11	1.53e-11	45751633986.9281	0.7	1.53e-11	0.0	0.0	24.546493343591425	1.53e-11	0.0	0.00153	0	7000000.0	0	2.185714285714286e-11	0	0.8366600265340756	0.0	Memristive
37	0.6	1.132e-11	1.132e-11	53003533568.904594	0.6	1.132e-11	0.0	0.0	24.693624419387522	1.132e-11	0.0	0.001132	0	6000000.0	0	1.8866666666666667e-11	0	0.7745966692414834	0.0	Memristive
38	0.5	7.62e-12	7.62e-12	65616797900.26247	0.5	7.62e-12	0.0	0.0	24.90709756567005	7.62e-12	0.0	0.0007620000000000001	0	5000000.0	0	1.524e-11	0	0.7071067811865476	0.0	Memristive
39	0.4	3.729e-12	3.729e-12	107267363904.53206	0.4	3.729e-12	0.0	0.0	25.39859028285771	3.729e-12	0.0	0.00037289999999999996	0	4000000.0000000005	0	9.322499999999999e-12	0	0.6324555320336759	0.0	Memristive
40	0.3	9.836e-13	9.836e-13	305002033346.889	0.3	9.836e-13	0.0	0.0	26.44358428024271	9.836e-13	0.0	9.836e-05	0	3000000.0	0	3.2786666666666666e-12	0	0.5477225575051661	0.0	Memristive
41	0.2	-1.328e-12	1.328e-12	-150602409638.55423	0.2	-1.328e-12	0.0	0.0	25.737909152440206	1.328e-12	0.0	-0.00013279999999999998	0	2000000.0000000002	0	-6.64e-12	0	0.4472135954999579	0.0	Memristive
42	0.1	-4.368e-12	4.368e-12	-22893772893.772896	0.1	-4.368e-12	0.0	0.0	23.8541307844919	4.368e-12	0.0	-0.0004368	0	1000000.0000000001	0	-4.368e-11	0	0.31622776601683794	0.0	Memristive
43	0.0	-5.783e-12	5.783e-12	-0.0	0.0	-5.783e-12	0.0	5.783e-12	0.0	5.783e-12	5.783e-12	0.0	0	0.0	0	0.0	0	0.0	0.0	Memristive
